index, rv_x, r_vy, r_vz
0, 3.125272e-01, 2.600831e-01, 9.500538e-01
1, 7.413244e-01, 8.837942e-01, 4.900556e-02
2, 2.796056e-01, 5.700979e-01, 6.855391e-01
3, 5.805941e-01, 2.640617e-01, 6.962694e-01
4, 4.749645e-01, 6.567523e-02, 8.929109e-01
5, 3.098569e-01, 4.355221e-01, 7.144837e-01
6, 5.669613e-02, 1.866049e-02, 1.100274e+00
7, 3.934635e-01, 7.542044e-02, 6.824598e-01
8, 6.058985e-01, 2.000504e-01, 8.408233e-01
9, 1.863202e-01, 4.502320e-01, 5.420715e-01
10, 1.544324e-02, 9.802153e-03, 1.188102e+00
11, 8.879853e-01, 1.032941e-01, 5.727988e-01
12, 4.114907e-01, 6.820342e-01, 8.698805e-01
13, 1.323609e-01, 8.041587e-01, 7.856878e-01
14, 5.903934e-01, 2.808005e-02, 6.673087e-01
15, 8.603975e-01, 2.773966e-01, 7.379430e-01
16, 1.170159e+00, 2.449636e-01, 3.362334e-02
17, 7.115625e-01, 2.126809e-01, 5.653753e-02
18, 5.781459e-01, 7.935062e-02, 4.138763e-01
19, 4.282198e-01, 6.214424e-01, 1.894028e-01
20, 1.635556e-01, 3.106338e-01, 8.973170e-01
21, 6.752342e-03, 4.461326e-01, 9.083608e-01
22, 2.164628e-01, 7.072322e-01, 3.855164e-01
23, 7.917298e-01, 1.384501e-01, 3.253027e-01
24, 6.807028e-01, 7.239082e-01, 2.403643e-01
25, 2.395067e-01, 1.045573e-02, 9.034416e-01
26, 4.221834e-01, 1.471431e-01, 6.511279e-01
27, 1.431379e-01, 6.420281e-01, 6.510448e-01
28, 3.703805e-01, 5.990211e-01, 8.437075e-01
29, 4.084822e-01, 6.370592e-01, 4.523106e-02
30, 4.449615e-01, 2.383851e-01, 1.010943e+00
31, 5.883689e-01, 1.178111e-01, 1.012770e+00
32, 7.002383e-01, 8.528039e-01, 2.434022e-01
33, 9.654759e-01, 4.177086e-01, 1.389953e-01
34, 1.161478e-01, 2.120180e-02, 8.451830e-01
35, 5.554022e-01, 6.220329e-02, 5.442094e-01
36, 6.540679e-04, 8.178031e-04, 1.094936e+00
37, 5.419588e-01, 1.885878e-01, 6.394219e-01
38, 2.277714e-01, 1.883740e-01, 8.057127e-01
39, 5.171796e-01, 2.046437e-01, 6.543394e-01
40, 2.033626e-01, 1.668559e-01, 9.033075e-01
41, 4.677018e-02, 6.772197e-02, 8.277493e-01
42, 2.526358e-01, 3.916538e-01, 6.068440e-01
43, 7.743038e-01, 6.689271e-02, 8.212655e-01
44, 4.793121e-01, 3.605534e-01, 5.157385e-01
45, 1.795515e-01, 9.720765e-01, 3.375528e-02
46, 1.063968e+00, 5.328671e-01, 7.239004e-02
47, 9.535297e-03, 1.319384e-01, 9.248215e-01
48, 7.908544e-01, 1.370788e-01, 2.969644e-01
49, 2.220613e-02, 6.670945e-02, 1.045299e+00
50, 1.100133e+00, 4.462980e-02, 3.402275e-01
51, 5.842386e-02, 8.981023e-03, 7.055183e-01
52, 1.596740e-02, 1.062338e-02, 1.085518e+00
53, 4.548291e-01, 7.638188e-01, 4.944188e-01
54, 6.048483e-03, 1.177926e-02, 7.790171e-01
55, 9.133840e-01, 3.358375e-01, 1.646483e-01
56, 9.443578e-01, 1.003196e-01, 3.266862e-01
57, 8.573506e-01, 5.823031e-01, 2.960384e-01
58, 2.963042e-02, 9.571552e-01, 3.910701e-01
59, 3.273699e-02, 2.163311e-01, 9.547778e-01
60, 3.935411e-01, 7.138638e-01, 4.412413e-01
61, 1.004568e+00, 6.251564e-01, 4.737083e-02
62, 3.414503e-01, 4.795496e-01, 9.115834e-01
63, 9.135891e-01, 6.335360e-01, 2.875889e-01
64, 3.678590e-01, 5.578062e-01, 6.895031e-01
65, 2.233164e-01, 7.575272e-03, 9.417341e-01
66, 3.138837e-01, 2.380221e-01, 6.637511e-01
67, 7.265147e-01, 9.414892e-02, 2.814758e-01
68, 4.096312e-02, 2.985018e-02, 8.055114e-01
69, 8.246771e-01, 3.912699e-01, 3.682278e-01
70, 5.538917e-01, 1.687157e-02, 9.011135e-01
71, 3.992508e-02, 1.880998e-01, 1.074766e+00
72, 7.355526e-01, 8.238803e-01, 1.122856e-01
73, 8.886880e-01, 2.243482e-01, 7.690833e-01
74, 7.770393e-01, 2.120205e-01, 5.780971e-01
75, 2.952603e-01, 3.436229e-01, 5.530954e-01
76, 1.949103e-01, 8.522070e-01, 2.533076e-02
77, 1.872265e-01, 7.145101e-01, 9.334793e-01
78, 3.085285e-02, 7.022765e-01, 1.897151e-02
79, 2.742080e-01, 4.814117e-01, 4.724373e-01
80, 1.659501e-01, 2.836495e-01, 6.494013e-01
81, 2.165048e-01, 6.931297e-01, 5.328023e-02
82, 8.748980e-01, 4.331986e-01, 5.913510e-01
83, 4.272679e-01, 3.103940e-01, 5.511723e-01
84, 2.705138e-01, 3.565350e-01, 8.945510e-01
85, 5.681762e-01, 2.668039e-01, 8.655336e-01
86, 5.376935e-01, 7.227621e-01, 2.553838e-01
87, 1.896899e-02, 1.148009e-02, 1.037845e+00
88, 4.702157e-01, 4.073050e-01, 8.847005e-01
89, 1.450263e-01, 2.025176e-01, 6.598350e-01
90, 6.926036e-01, 5.724952e-01, 9.249727e-02
91, 1.761722e-02, 1.124466e-01, 1.006020e+00
92, 9.984017e-02, 1.136515e+00, 3.667106e-01
93, 2.813912e-01, 5.881099e-01, 7.425101e-01
94, 5.657492e-01, 4.544301e-02, 8.618455e-01
95, 1.074612e+00, 3.245015e-01, 2.979154e-01
96, 3.950227e-02, 2.374304e-02, 8.947115e-01
97, 4.620218e-01, 6.013062e-01, 5.676870e-01
98, 2.242041e-01, 9.849648e-01, 2.953576e-01
99, 5.703469e-01, 1.797461e-01, 7.546955e-01
100, 5.131569e-01, 4.481451e-02, 8.899807e-01
101, 9.580424e-02, 7.057430e-01, 6.947775e-01
102, 4.167971e-02, 1.387225e-02, 1.047937e+00
103, 3.752644e-01, 5.961893e-01, 4.300639e-01
104, 5.243478e-01, 7.769644e-01, 3.716674e-01
105, 2.978691e-01, 2.570550e-01, 8.076528e-01
106, 1.003114e+00, 9.776467e-02, 3.321804e-01
107, 7.460775e-02, 9.150426e-02, 9.988809e-01
108, 4.227995e-01, 8.017522e-01, 9.151303e-02
109, 6.548202e-01, 4.276406e-01, 4.260748e-01
110, 8.074251e-01, 5.516069e-01, 6.385767e-01
111, 4.224021e-01, 7.212722e-01, 6.658691e-02
112, 1.052757e+00, 3.891262e-01, 3.768746e-01
113, 5.695234e-01, 4.439244e-01, 4.612841e-01
114, 1.068093e+00, 1.693999e-01, 1.813313e-01
115, 9.632562e-01, 4.117863e-01, 1.562012e-01
116, 1.068921e-01, 5.167226e-01, 7.012140e-01
117, 5.968999e-01, 5.002019e-01, 5.669171e-01
118, 2.364920e-01, 1.165466e+00, 8.948426e-02
119, 1.938773e-01, 1.400780e-01, 1.047154e+00
120, 9.601511e-02, 1.124419e-02, 1.004535e+00
121, 1.317349e-01, 3.231638e-02, 1.016796e+00
122, 9.657310e-01, 6.348293e-01, 2.356505e-01
123, 8.994478e-02, 9.788702e-01, 1.374024e-01
124, 7.242444e-03, 3.779285e-01, 1.042240e+00
125, 2.187713e-01, 2.326328e-01, 9.170310e-01
126, 1.571115e-01, 9.347747e-01, 5.209830e-01
127, 4.995885e-01, 7.710980e-01, 2.807641e-01
128, 5.380045e-01, 5.474552e-01, 7.569592e-01
129, 2.232996e-01, 9.826618e-01, 1.431984e-01
130, 2.619242e-01, 1.620279e-02, 1.050416e+00
131, 1.052798e+00, 1.971015e-01, 1.174728e-01
132, 6.618084e-01, 4.614542e-01, 6.158316e-01
133, 1.671958e-02, 7.299864e-01, 7.235800e-01
134, 1.791770e-01, 1.767387e-01, 1.091546e+00
135, 5.573428e-01, 8.070768e-01, 6.321718e-01
136, 1.788186e-02, 6.152182e-01, 4.602528e-01
137, 3.600328e-01, 2.347502e-01, 8.175939e-01
138, 6.870013e-01, 4.419742e-01, 1.633957e-01
139, 2.401712e-01, 6.223339e-02, 8.961223e-01
140, 5.305387e-02, 5.721587e-02, 8.241661e-01
141, 4.216331e-01, 6.613829e-02, 7.526427e-01
142, 1.040721e-01, 3.242887e-01, 9.408040e-01
143, 7.645008e-01, 6.283833e-01, 5.000387e-01
144, 3.289890e-01, 1.537939e-01, 6.776794e-01
145, 9.374630e-01, 5.081495e-01, 4.121883e-01
146, 4.029256e-02, 5.156104e-01, 6.086637e-01
147, 2.649721e-01, 8.247735e-01, 1.725463e-01
148, 7.951605e-01, 8.540397e-01, 1.776320e-01
149, 1.981613e-01, 2.735489e-01, 1.075629e+00
150, 8.150943e-01, 5.651497e-01, 3.181879e-01
151, 3.432827e-01, 7.945601e-01, 2.421797e-01
152, 5.700177e-01, 3.444225e-01, 5.242737e-01
153, 1.833460e-01, 3.754453e-02, 1.158181e+00
154, 3.436479e-01, 5.203572e-01, 4.370218e-01
155, 1.086014e-02, 5.696674e-01, 7.684177e-01
156, 7.330002e-02, 2.240070e-01, 7.268770e-01
157, 6.148188e-01, 9.136394e-02, 3.796503e-01
158, 2.102369e-01, 7.725637e-01, 3.430318e-01
159, 3.957786e-01, 4.326331e-01, 9.662287e-01
160, 2.726354e-01, 1.615032e-01, 6.918065e-01
161, 4.534439e-02, 7.452711e-01, 9.316373e-01
162, 2.617365e-01, 1.775778e-01, 9.024822e-01
163, 4.532761e-04, 6.046718e-04, 9.343751e-01
164, 1.545667e-01, 4.835834e-01, 8.118805e-01
165, 3.260513e-02, 7.835980e-02, 1.045962e+00
166, 8.368256e-02, 5.705809e-02, 1.047542e+00
167, 7.771281e-01, 7.643211e-01, 3.057767e-01
168, 6.525583e-01, 1.211586e-01, 2.957755e-01
169, 8.677549e-01, 1.944222e-01, 6.406839e-01
170, 2.051589e-01, 4.262519e-02, 1.124209e+00
171, 3.473208e-02, 4.728493e-01, 6.447155e-01
172, 7.721348e-01, 4.200164e-01, 5.048426e-01
173, 5.411756e-01, 9.087252e-01, 4.259298e-02
174, 1.488896e-01, 1.070814e-01, 9.833730e-01
175, 2.722280e-02, 4.258492e-01, 5.950105e-01
176, 4.305551e-02, 8.892474e-01, 3.690333e-02
177, 1.175528e-01, 8.417463e-01, 1.078751e-01
178, 7.743384e-01, 2.299293e-01, 7.327536e-01
179, 8.628483e-01, 5.980777e-01, 2.423735e-01
180, 2.016641e-01, 9.823684e-02, 1.006148e+00
181, 6.103275e-01, 1.243586e-01, 9.517591e-01
182, 2.063208e-01, 2.113367e-01, 8.235432e-01
183, 2.047788e-02, 2.484139e-01, 8.477091e-01
184, 2.520494e-01, 9.679282e-01, 6.302740e-01
185, 1.222405e-01, 3.180989e-01, 8.153217e-01
186, 6.404721e-02, 1.269967e-01, 9.733948e-01
187, 2.103882e-01, 2.007213e-01, 1.149622e+00
188, 5.177848e-01, 3.657857e-01, 7.839675e-01
189, 1.472683e-03, 2.153224e-03, 8.978565e-01
190, 2.164965e-01, 4.110133e-01, 5.485014e-01
191, 3.585991e-01, 2.806783e-01, 1.102849e+00
192, 3.564205e-01, 9.654640e-01, 3.100976e-01
193, 1.871002e-02, 2.386152e-02, 9.383085e-01
194, 2.372529e-01, 1.030109e+00, 1.141276e-01
195, 3.617982e-01, 4.455379e-01, 4.820370e-01
196, 9.604021e-01, 6.885830e-01, 7.933043e-02
197, 2.071507e-01, 9.026245e-02, 1.053983e+00
198, 6.080509e-01, 6.409030e-01, 3.130581e-01
199, 3.400967e-01, 1.834521e-01, 8.305397e-01
200, 6.107867e-01, 2.860015e-01, 8.308181e-01
201, 3.885561e-01, 6.307668e-01, 2.762688e-02
202, 7.146279e-01, 7.092367e-02, 6.245614e-01
203, 1.080495e-01, 7.496087e-01, 3.561825e-01
204, 1.164999e-01, 2.766780e-01, 8.694808e-01
205, 4.341245e-01, 6.724777e-01, 3.746892e-01
206, 5.831739e-01, 4.564581e-01, 1.559767e-01
207, 2.501687e-02, 2.741311e-02, 7.230323e-01
208, 7.791333e-01, 3.605251e-01, 3.537682e-01
209, 1.429588e-01, 1.475992e-01, 9.507825e-01
210, 1.240707e-01, 9.303070e-02, 8.400258e-01
211, 8.549746e-01, 1.891930e-02, 2.040430e-01
212, 6.478515e-01, 3.140790e-01, 8.066836e-01
213, 3.734987e-01, 3.849314e-01, 4.765828e-01
214, 2.122842e-01, 1.798367e-01, 7.082749e-01
215, 6.635800e-02, 8.505548e-01, 7.836619e-02
216, 5.093465e-02, 8.340901e-01, 4.146435e-01
217, 2.076268e-01, 8.960027e-01, 4.428759e-01
218, 3.397397e-02, 3.661233e-01, 6.680193e-01
219, 1.563772e-01, 1.110302e+00, 9.137730e-03
220, 4.528129e-01, 6.090239e-01, 2.559509e-01
221, 2.522795e-01, 4.923378e-01, 4.665321e-01
222, 8.734753e-01, 6.371688e-01, 5.081938e-02
223, 1.146692e-01, 2.548034e-01, 7.386981e-01
224, 3.392993e-02, 4.900641e-02, 9.552558e-01
225, 2.498900e-01, 1.121689e+00, 4.253979e-02
226, 4.304357e-01, 3.357065e-01, 7.029958e-01
227, 4.727296e-01, 2.128692e-01, 9.419451e-01
228, 4.689798e-01, 9.969852e-01, 3.334872e-01
229, 8.091003e-01, 1.168585e-01, 2.331462e-01
230, 5.773301e-01, 1.687660e-01, 8.604982e-01
231, 9.725014e-01, 9.120545e-02, 3.010143e-01
232, 2.888001e-01, 5.672961e-01, 5.801211e-01
233, 7.745149e-01, 3.912322e-02, 5.063670e-01
234, 5.004627e-01, 2.866296e-02, 1.035699e+00
235, 7.668055e-01, 4.515502e-01, 1.499899e-01
236, 7.946930e-01, 1.733312e-01, 6.948286e-01
237, 5.040018e-01, 6.023892e-01, 2.672547e-02
238, 1.266429e-01, 5.472644e-01, 4.400202e-01
239, 4.735687e-01, 5.523622e-01, 3.134074e-01
240, 1.324062e-01, 6.101879e-01, 4.647997e-01
241, 2.580818e-01, 3.841764e-01, 6.127319e-01
242, 4.435507e-01, 2.810592e-01, 6.840220e-01
243, 3.047748e-01, 6.859762e-01, 5.445111e-01
244, 2.704882e-01, 8.972450e-01, 2.165987e-01
245, 4.292718e-02, 4.109394e-02, 8.361464e-01
246, 5.570824e-01, 1.523684e-01, 6.821189e-01
247, 4.000683e-01, 3.845812e-01, 9.489101e-01
248, 2.545927e-02, 9.236160e-02, 9.060064e-01
249, 9.973985e-03, 1.299634e-01, 7.653405e-01
250, 6.059180e-01, 2.875601e-01, 3.072952e-01
251, 8.340059e-01, 2.258071e-01, 2.793702e-01
252, 7.122062e-01, 1.742766e-01, 1.761496e-01
253, 3.593960e-01, 6.810201e-01, 3.387949e-01
254, 1.379229e-01, 6.685617e-01, 3.604881e-01
255, 4.406104e-02, 5.806916e-01, 8.123281e-01
256, 6.770234e-01, 1.414226e-01, 1.476059e-01
257, 4.140096e-01, 1.598490e-01, 6.032663e-01
258, 3.094935e-01, 2.322000e-01, 6.392256e-01
259, 2.112731e-01, 8.523672e-01, 5.986232e-03
260, 9.452849e-01, 6.042902e-01, 8.974074e-02
261, 3.085879e-01, 7.437699e-01, 2.947296e-01
262, 7.673961e-02, 5.941119e-02, 1.057944e+00
263, 5.711224e-01, 2.532784e-01, 8.057221e-01
264, 9.583868e-02, 2.017744e-02, 8.570449e-01
265, 3.085769e-01, 5.032907e-01, 5.019088e-01
266, 1.353991e-02, 5.632728e-01, 4.716277e-01
267, 5.009529e-01, 7.171400e-01, 1.524508e-01
268, 2.252697e-02, 3.070695e-01, 1.034327e+00
269, 2.900598e-01, 6.049084e-01, 6.823153e-01
270, 2.308811e-01, 5.780414e-01, 7.995886e-01
271, 2.920198e-01, 2.607726e-01, 7.146252e-01
272, 9.676178e-01, 2.739534e-01, 6.977369e-02
273, 1.813846e-01, 4.664897e-02, 8.231822e-01
274, 4.218250e-01, 1.693232e-01, 1.012819e+00
275, 9.287496e-01, 1.904230e-01, 6.635436e-01
276, 5.346545e-03, 8.756785e-01, 3.000219e-02
277, 3.144323e-01, 6.910063e-01, 3.171162e-01
278, 1.962079e-01, 7.690548e-01, 4.788695e-01
279, 1.274119e-01, 6.990817e-01, 3.780503e-01
280, 8.051588e-01, 4.482363e-02, 3.215852e-01
281, 9.312168e-02, 4.844420e-02, 1.140456e+00
282, 4.003926e-01, 4.977750e-01, 3.620977e-01
283, 6.518426e-01, 4.303874e-01, 5.922375e-01
284, 4.935564e-02, 8.205665e-02, 9.337732e-01
285, 9.180589e-01, 4.882821e-01, 3.275815e-01
286, 6.468536e-01, 8.064421e-01, 5.734044e-01
287, 7.065957e-01, 8.801404e-01, 4.225121e-02
288, 2.163517e-01, 9.638196e-01, 1.244100e-01
289, 2.341894e-01, 6.289701e-01, 6.180633e-01
290, 1.878543e-01, 5.403124e-02, 9.491062e-01
291, 3.669405e-01, 8.999256e-01, 1.648781e-01
292, 5.321274e-02, 3.036558e-01, 7.109786e-01
293, 4.189973e-01, 4.765272e-01, 3.561015e-01
294, 9.028726e-01, 4.508258e-01, 2.202882e-01
295, 3.059383e-01, 4.002911e-01, 7.006292e-01
296, 8.343129e-01, 4.620841e-01, 5.165762e-01
297, 1.005071e-01, 2.143255e-01, 6.611044e-01
298, 9.878644e-01, 4.280239e-01, 4.701707e-01
299, 3.914501e-01, 2.990101e-02, 5.892561e-01
300, 6.086456e-01, 3.520952e-01, 9.788931e-02
301, 2.513845e-01, 1.739244e-01, 7.391432e-01
302, 8.002147e-01, 6.138294e-02, 6.774253e-03
303, 3.843843e-01, 8.528574e-01, 5.716884e-01
304, 3.773477e-01, 7.568709e-01, 4.847521e-01
305, 1.125741e-01, 1.261508e-01, 1.001741e+00
306, 9.817835e-01, 2.827513e-01, 2.433373e-01
307, 6.624351e-01, 3.210247e-01, 3.126485e-01
308, 3.670254e-01, 4.692941e-02, 5.969259e-01
309, 6.462654e-01, 2.879648e-01, 2.879100e-01
310, 4.142641e-01, 1.733789e-03, 6.702110e-01
311, 1.209708e-01, 4.223149e-01, 7.770603e-01
312, 2.355866e-01, 7.366813e-01, 2.071183e-01
313, 1.343750e-01, 7.499534e-01, 9.199530e-01
314, 1.159521e-01, 1.891970e-01, 8.269148e-01
315, 3.163992e-01, 1.052377e+00, 4.514519e-01
316, 4.903448e-01, 1.989087e-01, 7.051102e-01
317, 5.536292e-01, 5.271821e-01, 3.055278e-01
318, 4.125488e-01, 3.036487e-01, 1.001789e+00
319, 9.253736e-01, 1.839514e-01, 8.120519e-02
320, 2.644217e-01, 1.347830e-01, 1.088337e+00
321, 9.360826e-01, 4.954498e-01, 4.983076e-01
322, 7.519323e-01, 5.876122e-01, 2.195906e-01
323, 7.933886e-01, 3.331887e-01, 6.047554e-02
324, 2.441773e-01, 7.224447e-02, 7.629815e-01
325, 1.449075e-01, 1.048980e+00, 9.163516e-02
326, 5.662733e-01, 5.672595e-01, 3.090020e-01
327, 7.875264e-01, 5.740764e-01, 4.878785e-01
328, 4.390202e-01, 6.470309e-02, 1.041908e+00
329, 2.808314e-01, 1.830755e-01, 8.025804e-01
330, 8.256610e-01, 6.105108e-01, 3.651755e-01
331, 4.564932e-01, 8.224715e-01, 7.264639e-01
332, 2.861594e-01, 6.529778e-01, 2.549119e-02
333, 1.850061e-01, 5.016574e-01, 5.954018e-01
334, 1.138433e+00, 1.188237e-01, 9.214303e-02
335, 2.970162e-01, 4.714690e-01, 4.633742e-01
336, 7.352170e-01, 2.074044e-01, 2.377065e-02
337, 3.976777e-01, 1.663040e-01, 1.018305e+00
338, 2.547021e-01, 7.450873e-01, 8.945429e-01
339, 9.796113e-02, 1.134775e-01, 8.659800e-01
340, 5.405912e-01, 3.440679e-01, 4.957614e-01
341, 9.400542e-01, 4.105332e-01, 1.433633e-01
342, 1.069226e+00, 3.463801e-02, 5.173990e-01
343, 4.869818e-01, 5.796968e-01, 2.467191e-01
344, 5.950719e-01, 1.094897e-01, 8.191470e-01
345, 2.493964e-01, 4.619065e-02, 1.124582e+00
346, 6.027294e-02, 3.405585e-02, 1.151373e+00
347, 2.149913e-01, 8.321724e-01, 6.951744e-02
348, 5.408635e-01, 2.143952e-02, 5.669989e-01
349, 4.165118e-01, 7.042653e-01, 3.092318e-01
350, 3.876024e-01, 3.608336e-01, 8.766829e-01
351, 7.634809e-02, 9.955189e-02, 1.015536e+00
352, 4.336080e-01, 6.697396e-01, 4.279953e-01
353, 5.529235e-01, 1.411168e-01, 1.007486e+00
354, 5.646648e-01, 2.203786e-01, 8.793035e-01
355, 2.340470e-01, 1.893610e-01, 7.170209e-01
356, 2.361546e-02, 6.085411e-02, 9.583157e-01
357, 3.839066e-01, 1.076550e-01, 1.107749e+00
358, 6.619930e-01, 1.532481e-01, 3.107185e-01
359, 1.015559e-01, 1.820499e-01, 1.159645e+00
360, 3.728130e-01, 2.465911e-01, 6.365820e-01
361, 1.538823e-01, 1.129973e-01, 8.509685e-01
362, 1.204591e-01, 6.170679e-02, 8.265508e-01
363, 5.074382e-02, 4.282144e-01, 9.245793e-01
364, 7.190355e-01, 5.869262e-01, 2.441674e-01
365, 7.327454e-01, 4.329868e-01, 2.802795e-01
366, 7.612351e-01, 1.342720e-01, 6.338878e-01
367, 6.257249e-01, 9.137172e-01, 3.651352e-01
368, 4.955980e-01, 1.086334e+00, 3.993709e-03
369, 8.092403e-01, 1.350025e-01, 5.716642e-01
370, 3.427192e-01, 4.032127e-01, 8.304453e-01
371, 2.601267e-01, 7.316788e-01, 1.691946e-01
372, 2.840220e-01, 4.380074e-01, 6.343516e-01
373, 3.583507e-01, 1.996748e-01, 9.215964e-01
374, 4.883411e-01, 7.949843e-01, 3.444035e-01
375, 4.548902e-01, 4.377497e-01, 7.053239e-01
376, 4.894283e-01, 9.212945e-01, 3.531095e-01
377, 5.516114e-01, 4.187138e-01, 1.585808e-01
378, 6.546848e-02, 1.577827e-01, 7.752638e-01
379, 4.226725e-01, 3.607107e-01, 7.326486e-01
380, 7.273234e-01, 2.263115e-01, 6.827680e-01
381, 4.784776e-01, 1.397975e-02, 5.755880e-01
382, 6.693749e-01, 4.060218e-01, 6.017739e-01
383, 6.262592e-02, 1.153918e-01, 7.366978e-01
384, 1.765799e-02, 6.198276e-03, 8.481674e-01
385, 5.375346e-01, 5.046556e-01, 1.566260e-01
386, 7.661889e-01, 1.740210e-01, 4.570749e-01
387, 1.735289e-01, 6.842490e-01, 4.082570e-02
388, 6.974575e-01, 2.750000e-02, 2.884755e-01
389, 3.168469e-01, 3.419362e-01, 6.563956e-01
390, 7.493482e-01, 2.152687e-01, 3.195320e-01
391, 6.202823e-01, 4.911821e-01, 8.935765e-01
392, 8.058579e-02, 1.275835e-01, 9.166652e-01
393, 4.288311e-01, 8.106072e-02, 8.884090e-01
394, 2.382520e-01, 2.875567e-01, 6.244099e-01
395, 2.877228e-01, 8.669486e-01, 5.210294e-01
396, 1.494958e-02, 6.072396e-01, 1.007862e+00
397, 2.068996e-01, 2.425850e-01, 1.143030e+00
398, 2.256674e-01, 2.120211e-01, 9.702789e-01
399, 1.356340e-02, 1.689089e-01, 1.145046e+00
400, 3.324520e-02, 9.977456e-01, 4.048291e-01
401, 8.232758e-02, 2.491561e-02, 8.332305e-01
402, 3.308223e-01, 2.399333e-02, 8.633282e-01
403, 7.641793e-02, 3.079961e-03, 9.536751e-01
404, 6.259924e-01, 2.000937e-01, 4.625583e-01
405, 6.089241e-01, 2.665913e-01, 3.415429e-01
406, 4.333393e-01, 2.837141e-01, 1.056161e+00
407, 7.643900e-02, 9.669756e-02, 8.442060e-01
408, 7.337216e-01, 5.481211e-01, 2.747712e-01
409, 7.142114e-01, 8.006727e-01, 3.124991e-01
410, 2.288352e-01, 4.116305e-01, 9.622651e-01
411, 2.538693e-01, 5.962536e-02, 8.934537e-01
412, 6.787287e-01, 6.402112e-01, 5.466792e-01
413, 1.132785e+00, 1.523984e-01, 1.794464e-01
414, 2.559464e-01, 6.348186e-01, 7.072225e-01
415, 1.679512e-01, 2.405597e-01, 8.881751e-01
416, 3.248109e-01, 3.623909e-01, 5.680280e-01
417, 4.348923e-01, 7.178723e-01, 3.871951e-02
418, 5.771727e-01, 3.716684e-01, 7.180336e-01
419, 5.316209e-01, 2.384242e-01, 6.649719e-01
420, 9.084159e-02, 6.091462e-02, 7.781784e-01
421, 1.538383e-01, 4.620848e-02, 1.010568e+00
422, 2.191495e-01, 2.845273e-02, 8.937875e-01
423, 1.305365e-01, 2.427714e-01, 6.550366e-01
424, 1.602243e-01, 4.168688e-01, 7.024207e-01
425, 5.447437e-01, 2.251785e-01, 1.031836e+00
426, 1.818081e-02, 3.718017e-02, 8.224589e-01
427, 1.742292e-01, 1.055887e-01, 8.359433e-01
428, 3.025238e-01, 1.483870e-01, 6.267348e-01
429, 6.177056e-01, 8.540587e-01, 5.611303e-01
430, 7.659287e-01, 5.159892e-01, 4.188284e-01
431, 2.531537e-01, 9.248739e-01, 3.357428e-01
432, 4.771479e-02, 3.747520e-02, 1.089940e+00
433, 7.257503e-01, 4.794235e-01, 2.876286e-01
434, 7.987490e-01, 8.107442e-02, 3.534285e-01
435, 7.538405e-01, 2.230131e-01, 7.760706e-01
436, 1.934914e-01, 4.882212e-02, 7.557222e-01
437, 8.892163e-01, 6.628403e-01, 1.339666e-01
438, 1.775172e-01, 6.779267e-01, 4.221093e-01
439, 2.994432e-01, 9.966811e-02, 8.002151e-01
440, 6.167698e-01, 3.292051e-01, 6.658381e-02
441, 4.027457e-01, 1.088916e-01, 1.001654e+00
442, 2.215402e-01, 5.459786e-01, 4.355429e-01
443, 1.732737e-01, 1.540656e-01, 8.150874e-01
444, 5.228828e-01, 2.074435e-01, 4.444575e-01
445, 9.311017e-02, 8.328559e-01, 2.805606e-01
446, 2.644387e-01, 3.531599e-01, 7.211320e-01
447, 1.009397e+00, 3.585966e-01, 3.548288e-01
448, 1.493075e-02, 1.332007e-01, 1.169184e+00
449, 2.623773e-01, 1.712641e-01, 6.775076e-01
450, 5.764825e-03, 1.497756e-02, 8.025608e-01
451, 5.649980e-01, 4.307674e-01, 4.667656e-01
452, 5.662804e-03, 3.457374e-02, 7.683622e-01
453, 7.921116e-02, 3.472586e-02, 7.257107e-01
454, 5.216777e-02, 6.507864e-01, 6.204684e-01
455, 6.945776e-01, 8.922086e-02, 3.701114e-01
456, 1.038511e+00, 2.610885e-01, 3.017327e-01
457, 9.950968e-01, 5.271942e-01, 5.024387e-02
458, 1.863654e-02, 9.580042e-02, 8.606720e-01
459, 1.690868e-01, 8.824285e-01, 1.932017e-01
460, 3.351960e-01, 1.004141e+00, 3.679231e-01
461, 7.789993e-02, 1.431640e-01, 1.107759e+00
462, 2.798711e-01, 1.483314e-02, 1.136405e+00
463, 1.976457e-01, 2.583691e-01, 7.928351e-01
464, 3.909612e-01, 3.291680e-02, 6.638365e-01
465, 4.198476e-01, 2.075997e-01, 8.726303e-01
466, 1.329032e-01, 1.355800e-01, 8.894484e-01
467, 8.984966e-02, 2.193470e-01, 7.122536e-01
468, 3.474384e-01, 7.552023e-01, 1.720834e-02
469, 4.725342e-01, 8.116326e-01, 1.692782e-01
470, 2.693580e-01, 1.024430e+00, 1.485228e-02
471, 3.076902e-01, 2.300078e-01, 5.995684e-01
472, 4.186597e-02, 4.981117e-01, 6.612045e-01
473, 3.608920e-01, 2.330445e-02, 6.220031e-01
474, 3.175971e-02, 2.597317e-01, 7.152237e-01
475, 5.415136e-02, 7.468558e-01, 4.531338e-01
476, 2.930753e-01, 1.541531e-01, 8.099525e-01
477, 3.718835e-01, 3.232010e-01, 6.276298e-01
478, 9.236545e-02, 1.439926e-01, 6.839728e-01
479, 9.283522e-02, 1.476409e-01, 9.515735e-01
480, 7.971571e-01, 9.491290e-03, 3.009149e-02
481, 2.692847e-01, 7.361224e-01, 7.928107e-01
482, 4.535187e-01, 5.694678e-01, 8.797529e-01
483, 3.080944e-01, 7.594430e-01, 2.037561e-01
484, 1.294208e-01, 2.819282e-01, 9.684045e-01
485, 8.241727e-02, 2.206943e-01, 1.084570e+00
486, 2.275465e-01, 3.682658e-01, 1.025585e+00
487, 1.129286e-01, 4.892912e-01, 1.016846e+00
488, 2.289243e-01, 1.019693e-01, 7.744374e-01
489, 1.126290e+00, 1.729504e-02, 3.747133e-01
490, 6.649839e-02, 8.887651e-01, 3.574379e-01
491, 5.738226e-01, 3.708375e-02, 8.792017e-01
492, 3.628173e-01, 3.386639e-01, 7.072809e-01
493, 3.443611e-01, 3.593118e-01, 7.693010e-01
494, 4.015214e-02, 4.657737e-02, 1.071287e+00
495, 7.654131e-01, 1.023475e-01, 7.450580e-01
496, 3.520515e-01, 2.970301e-01, 6.717397e-01
497, 2.448209e-01, 6.454063e-01, 7.434690e-01
498, 5.091529e-02, 5.375567e-01, 8.061876e-01
499, 4.712226e-01, 2.646311e-01, 4.751767e-01
500, 4.453139e-01, 4.059473e-01, 5.389580e-01
501, 4.186952e-01, 5.233426e-01, 2.229311e-01
502, 2.925652e-01, 4.883568e-01, 1.010780e+00
503, 3.464997e-02, 7.250515e-01, 6.654713e-01
504, 8.707586e-01, 5.165892e-01, 5.380353e-01
505, 6.400623e-01, 5.219116e-02, 7.630748e-01
506, 9.537633e-01, 2.487178e-01, 6.781487e-01
507, 8.070967e-01, 8.907265e-02, 3.009437e-01
508, 6.491546e-01, 6.833816e-01, 5.611472e-01
509, 2.870629e-01, 1.773918e-01, 8.988489e-01
510, 1.125595e-01, 3.546644e-01, 1.083711e+00
511, 1.016323e-01, 5.654586e-01, 1.050888e+00
512, 7.546545e-02, 7.308262e-01, 7.454377e-01
513, 4.750360e-01, 7.393017e-01, 5.113492e-01
514, 4.070128e-01, 4.726933e-01, 5.887435e-01
515, 3.095439e-01, 6.163873e-02, 1.139467e+00
516, 5.923712e-01, 6.963377e-01, 2.336946e-01
517, 8.063145e-04, 7.141177e-01, 4.302850e-01
518, 1.302237e-01, 5.754544e-03, 8.051033e-01
519, 4.318240e-01, 1.720045e-01, 9.159052e-01
520, 7.317006e-02, 7.947715e-02, 1.065587e+00
521, 1.644178e-01, 2.699015e-01, 6.936908e-01
522, 1.703982e-02, 6.038287e-01, 7.422296e-01
523, 9.814869e-01, 4.637067e-02, 4.154189e-01
524, 1.721182e-01, 4.228831e-01, 5.361476e-01
525, 8.396128e-01, 4.027289e-01, 4.680830e-01
526, 2.747002e-02, 8.128608e-02, 8.452262e-01
527, 6.288629e-01, 8.106020e-01, 6.254714e-02
528, 3.547652e-01, 6.438801e-01, 6.363238e-01
529, 6.341710e-01, 5.654630e-02, 4.673880e-01
530, 6.121484e-01, 2.634450e-01, 5.019899e-01
531, 4.471934e-01, 2.893938e-01, 5.543514e-01
532, 1.158042e-01, 1.348101e-01, 8.934060e-01
533, 5.915559e-01, 7.422597e-01, 3.607778e-01
534, 5.629027e-01, 5.556673e-01, 5.229241e-01
535, 9.755206e-01, 4.091839e-01, 3.911742e-01
536, 4.253373e-01, 1.278768e-01, 6.455143e-01
537, 6.434539e-01, 1.965757e-01, 2.379373e-01
538, 8.290799e-01, 4.844100e-01, 5.669567e-01
539, 4.672421e-01, 2.433997e-01, 6.080571e-01
540, 7.306986e-01, 8.954263e-02, 8.411854e-01
541, 1.996146e-02, 5.820574e-01, 4.312885e-01
542, 8.008389e-02, 7.991577e-01, 8.565263e-01
543, 2.847515e-01, 3.214708e-01, 6.311125e-01
544, 2.161420e-01, 1.253754e-01, 9.560156e-01
545, 4.655144e-02, 5.081985e-02, 1.001775e+00
546, 5.379959e-01, 5.660231e-01, 4.789447e-01
547, 6.420519e-01, 4.153331e-01, 4.032974e-01
548, 1.015345e-02, 5.610048e-03, 1.167011e+00
549, 8.466397e-01, 9.426968e-02, 2.994558e-01
550, 6.181832e-01, 6.502199e-01, 3.693818e-01
551, 5.713580e-01, 5.404157e-01, 2.107340e-01
552, 1.085762e-01, 8.669381e-01, 2.028353e-01
553, 7.976542e-01, 8.908402e-01, 8.573800e-02
554, 6.111684e-03, 3.667876e-01, 9.599826e-01
555, 4.551323e-01, 5.509743e-01, 4.061149e-01
556, 1.198568e-03, 8.182341e-05, 7.536490e-01
557, 1.640242e-01, 3.360414e-01, 9.002107e-01
558, 4.155096e-02, 8.215376e-01, 1.936015e-01
559, 9.986163e-02, 2.326023e-01, 7.014617e-01
560, 1.574005e-01, 6.996765e-01, 3.622794e-01
561, 1.741635e-01, 4.418833e-01, 5.455509e-01
562, 2.392411e-03, 1.476915e-02, 9.568077e-01
563, 8.927690e-01, 4.951149e-01, 4.626697e-02
564, 7.137342e-01, 5.772305e-01, 5.685524e-01
565, 3.864034e-01, 3.132837e-02, 1.095340e+00
566, 9.116844e-01, 6.202714e-01, 3.752059e-01
567, 4.518296e-01, 9.774150e-02, 6.236132e-01
568, 2.801267e-03, 2.933234e-03, 7.581790e-01
569, 2.270246e-01, 4.963601e-01, 6.551122e-01
570, 8.224124e-02, 7.004294e-01, 7.678794e-01
571, 1.394929e-01, 9.389437e-02, 8.356328e-01
572, 4.566832e-01, 1.067426e-01, 1.030721e+00
573, 6.416095e-01, 1.373130e-02, 8.147758e-01
574, 1.765896e-01, 7.160989e-01, 8.611296e-01
575, 6.740126e-01, 1.748617e-01, 2.400287e-01
576, 3.807532e-01, 1.910378e-01, 9.677524e-01
577, 1.666210e-01, 8.542173e-01, 3.920800e-01
578, 7.410279e-01, 4.945291e-01, 7.389178e-01
579, 7.204922e-02, 2.609496e-01, 7.384792e-01
580, 1.504841e-01, 1.531719e-02, 1.026986e+00
581, 1.843928e-01, 2.822937e-01, 8.153327e-01
582, 9.953867e-01, 2.948582e-01, 2.453818e-01
583, 3.613729e-01, 1.451046e-01, 7.362202e-01
584, 7.130040e-02, 1.386121e-01, 1.001531e+00
585, 3.896359e-01, 4.796264e-01, 8.280259e-01
586, 2.498307e-01, 1.485956e-01, 9.174248e-01
587, 4.921281e-02, 4.448138e-02, 7.248935e-01
588, 3.556855e-02, 5.978146e-01, 8.047910e-01
589, 3.481182e-01, 5.221706e-01, 3.950167e-01
590, 5.936065e-01, 3.831520e-01, 1.337202e-02
591, 9.482912e-03, 2.346079e-02, 9.935310e-01
592, 1.219511e-01, 1.041037e-01, 9.170241e-01
593, 9.467798e-01, 2.080568e-01, 5.722997e-01
594, 5.081704e-01, 5.632284e-01, 2.851028e-01
595, 5.266551e-01, 2.576898e-04, 6.639233e-01
596, 4.892564e-01, 8.951043e-01, 1.805575e-01
597, 4.135065e-01, 4.336589e-01, 4.102015e-01
598, 1.869631e-01, 5.488425e-02, 8.432690e-01
599, 2.494594e-01, 2.669927e-01, 7.371668e-01
600, 2.997792e-01, 5.605302e-01, 4.626932e-01
601, 5.364233e-01, 3.956870e-01, 8.655473e-01
602, 3.607972e-01, 8.396084e-02, 7.693941e-01
603, 9.715500e-02, 1.917799e-01, 9.843056e-01
604, 6.198247e-02, 4.186691e-01, 7.348916e-01
605, 3.139968e-01, 6.565581e-02, 8.799319e-01
606, 8.639883e-03, 5.090174e-01, 9.650311e-01
607, 8.955699e-01, 2.418397e-01, 4.635550e-01
608, 1.109072e+00, 1.405348e-01, 3.767569e-01
609, 3.359276e-01, 4.623979e-01, 1.033878e+00
610, 7.290828e-01, 1.605676e-01, 3.820360e-01
611, 5.684355e-01, 3.169531e-01, 4.595964e-01
612, 1.747146e-01, 6.736245e-01, 2.420018e-01
613, 7.445134e-01, 3.083218e-01, 8.066567e-01
614, 1.987929e-01, 6.792073e-01, 8.059856e-01
615, 4.558296e-01, 1.212807e-01, 5.676901e-01
616, 1.034370e-01, 6.627102e-01, 6.640206e-01
617, 2.395357e-01, 8.938558e-02, 1.000655e+00
618, 4.201818e-01, 5.137996e-01, 9.368142e-01
619, 2.747185e-01, 4.439658e-01, 1.059569e+00
620, 9.390190e-02, 1.115651e-01, 8.453997e-01
621, 5.252252e-01, 1.742732e-01, 5.004716e-01
622, 3.185964e-01, 9.119576e-01, 4.296987e-01
623, 3.254789e-01, 8.813316e-01, 1.881447e-01
624, 4.945073e-01, 9.313191e-01, 1.177127e-01
625, 2.487148e-01, 6.348957e-01, 6.883915e-01
626, 8.371519e-01, 2.428159e-01, 6.616991e-01
627, 1.638078e-01, 3.508679e-01, 6.436354e-01
628, 4.611144e-01, 3.761325e-01, 5.261733e-01
629, 3.111136e-02, 3.975420e-01, 8.728405e-01
630, 8.983601e-02, 8.470031e-01, 1.187956e-01
631, 4.731135e-01, 5.563447e-01, 4.065311e-01
632, 7.884591e-01, 2.661300e-01, 4.071665e-01
633, 8.412401e-01, 8.432933e-02, 4.914675e-01
634, 9.141206e-01, 1.753527e-01, 4.793647e-02
635, 5.078774e-01, 2.489838e-01, 8.655801e-01
636, 2.627037e-01, 5.276833e-02, 1.118825e+00
637, 1.330106e-02, 6.071830e-01, 1.034472e+00
638, 4.801974e-02, 3.617587e-02, 1.095907e+00
639, 9.299454e-01, 3.719727e-01, 3.555790e-01
640, 6.292818e-01, 1.396083e-01, 5.093123e-01
641, 2.602878e-01, 5.577882e-01, 9.389836e-01
642, 2.833844e-01, 5.703603e-01, 1.010041e+00
643, 1.967780e-01, 7.755282e-01, 1.106840e-01
644, 5.800545e-01, 2.573683e-01, 3.653605e-01
645, 7.655405e-01, 2.408670e-01, 8.108399e-01
646, 6.113976e-02, 1.031236e-01, 7.277424e-01
647, 5.195316e-01, 1.530435e-01, 5.161438e-01
648, 1.711860e-03, 9.107727e-03, 1.134107e+00
649, 1.391258e-01, 6.132574e-01, 3.930801e-01
650, 4.037042e-01, 1.861357e-03, 7.087750e-01
651, 8.033360e-01, 6.375111e-01, 1.956215e-01
652, 1.038946e+00, 2.283635e-01, 5.200794e-01
653, 1.376511e-01, 1.863472e-02, 1.108828e+00
654, 3.861860e-01, 4.865037e-01, 4.251981e-01
655, 3.563103e-01, 1.544762e-01, 6.031001e-01
656, 3.380704e-01, 3.845687e-01, 8.435768e-01
657, 5.754733e-01, 9.743335e-01, 2.709630e-01
658, 9.636548e-01, 4.897502e-01, 4.024917e-01
659, 2.363375e-01, 2.550838e-01, 7.097287e-01
660, 2.763414e-01, 5.110602e-01, 6.037027e-01
661, 6.726299e-01, 1.711336e-01, 2.195724e-01
662, 1.728287e-01, 5.866842e-01, 8.228448e-01
663, 1.119640e+00, 4.582292e-02, 1.938851e-01
664, 1.190820e-01, 1.954447e-01, 7.819706e-01
665, 4.079492e-01, 3.738625e-01, 6.489593e-01
666, 4.123103e-01, 6.522028e-01, 4.963079e-01
667, 6.166796e-01, 2.662071e-01, 5.450098e-01
668, 5.115461e-01, 8.652955e-01, 5.434848e-01
669, 9.481170e-01, 4.852143e-01, 1.283922e-01
670, 7.564043e-01, 2.140758e-01, 6.362377e-01
671, 5.654508e-01, 5.343192e-01, 2.151579e-01
672, 6.543166e-01, 3.305603e-01, 5.351042e-01
673, 5.685540e-01, 3.052817e-01, 4.854838e-01
674, 5.635852e-01, 5.144846e-01, 2.626097e-01
675, 3.448919e-01, 3.006036e-01, 5.298153e-01
676, 2.833693e-01, 5.993629e-01, 7.334882e-01
677, 5.552845e-02, 3.947515e-01, 6.047840e-01
678, 3.547196e-02, 2.592137e-01, 7.049119e-01
679, 6.343388e-01, 4.110587e-01, 6.133247e-01
680, 1.996506e-01, 6.538183e-01, 1.522365e-01
681, 6.986787e-01, 4.551001e-01, 5.873279e-01
682, 3.175194e-02, 7.106459e-01, 9.881654e-02
683, 3.701100e-01, 1.541262e-01, 6.375497e-01
684, 3.183144e-01, 5.172594e-01, 3.993865e-01
685, 3.979616e-01, 8.916730e-01, 2.595148e-01
686, 1.179087e-01, 3.572224e-01, 7.041329e-01
687, 3.201374e-01, 5.632876e-01, 5.407612e-01
688, 8.682383e-01, 4.880703e-02, 3.986797e-02
689, 1.202038e-01, 2.399373e-01, 9.102174e-01
690, 1.804662e-01, 5.274355e-01, 6.233907e-01
691, 2.178475e-02, 1.034728e-01, 1.135510e+00
692, 4.549467e-01, 1.737732e-01, 5.787050e-01
693, 5.775254e-01, 4.751074e-01, 5.376220e-02
694, 3.636249e-02, 1.254023e-01, 8.751214e-01
695, 6.502981e-01, 2.405478e-01, 5.188967e-01
696, 4.065164e-01, 9.058326e-01, 1.235548e-01
697, 7.137286e-01, 1.535415e-01, 6.924647e-01
698, 3.151498e-01, 3.460076e-03, 7.502016e-01
699, 7.116315e-01, 9.033858e-02, 7.488029e-01
700, 7.784197e-01, 4.298149e-01, 6.666787e-01
701, 2.798005e-01, 9.677107e-01, 3.955858e-01
702, 7.226935e-01, 4.714782e-01, 2.463235e-01
703, 1.083408e-02, 1.557624e-01, 8.062630e-01
704, 1.722591e-01, 1.023260e+00, 3.214099e-01
705, 1.324861e-01, 4.792864e-02, 8.993869e-01
706, 6.455902e-01, 4.456308e-01, 6.907338e-01
707, 3.267454e-01, 6.615925e-01, 7.483947e-01
708, 9.687981e-02, 1.625212e-01, 9.114807e-01
709, 7.286780e-01, 4.419440e-01, 4.916414e-01
710, 1.008989e-02, 4.222601e-02, 7.416477e-01
711, 3.477344e-01, 4.681111e-01, 8.556987e-01
712, 4.124326e-01, 2.039309e-01, 1.061484e+00
713, 4.493236e-02, 5.309836e-01, 9.925400e-01
714, 6.630101e-01, 6.262472e-01, 6.338972e-01
715, 7.125047e-01, 1.456087e-01, 3.770971e-01
716, 7.589591e-01, 8.718539e-01, 2.637342e-01
717, 1.074857e-01, 1.099606e+00, 1.728026e-01
718, 6.022785e-01, 9.350925e-02, 1.021155e+00
719, 2.129042e-01, 5.000871e-01, 6.617111e-01
720, 3.553627e-01, 6.469184e-01, 7.056999e-01
721, 1.644983e-01, 5.887992e-01, 8.468839e-01
722, 4.314465e-02, 6.631805e-02, 8.292520e-01
723, 1.367122e-01, 1.781111e-02, 7.467581e-01
724, 2.231024e-01, 1.099556e-01, 7.707181e-01
725, 7.166104e-01, 4.496122e-01, 7.152155e-01
726, 6.732604e-01, 4.707444e-01, 5.309286e-01
727, 5.994591e-02, 5.018573e-01, 9.293915e-01
728, 3.933905e-01, 7.192450e-01, 5.985016e-02
729, 2.975152e-01, 8.247012e-01, 4.240787e-01
730, 8.295328e-02, 7.905302e-01, 3.369743e-01
731, 4.571416e-01, 1.182034e-02, 6.189597e-01
732, 4.689000e-01, 5.232078e-01, 6.179158e-01
733, 6.344316e-01, 2.369750e-01, 6.259028e-01
734, 1.899871e-01, 2.875451e-01, 1.027786e+00
735, 3.542647e-01, 6.068537e-01, 6.150134e-01
736, 1.175175e-01, 9.190767e-01, 4.192742e-01
737, 5.401318e-01, 1.181857e-01, 6.013047e-01
738, 2.046979e-01, 3.238293e-01, 7.725376e-01
739, 6.032708e-02, 1.539136e-02, 7.205273e-01
740, 4.266924e-01, 2.819872e-01, 7.698192e-01
741, 4.038881e-03, 4.118650e-01, 1.104173e+00
742, 8.370457e-01, 5.550007e-01, 2.994101e-01
743, 2.556222e-02, 5.588554e-02, 7.254583e-01
744, 3.658195e-01, 1.141929e-02, 9.566325e-01
745, 8.198942e-01, 3.137418e-01, 6.386176e-01
746, 4.092049e-01, 8.403515e-01, 1.422370e-01
747, 2.118768e-01, 1.492888e-02, 9.628038e-01
748, 1.237961e-01, 1.655705e-01, 1.058880e+00
749, 3.695739e-01, 7.172731e-02, 7.142345e-01
750, 2.995054e-01, 9.729839e-01, 5.580207e-02
751, 5.122977e-01, 1.693067e-02, 5.970564e-01
752, 2.045479e-01, 1.379462e-01, 8.083022e-01
753, 1.000713e-01, 8.507172e-01, 6.704052e-01
754, 2.388106e-01, 8.572909e-01, 6.402482e-01
755, 5.975689e-01, 8.439311e-01, 2.605820e-01
756, 7.592263e-01, 4.877107e-01, 2.947472e-01
757, 8.623603e-03, 1.442372e-01, 8.327136e-01
758, 5.704317e-01, 5.133471e-01, 1.550860e-01
759, 9.479931e-01, 4.611129e-01, 5.224235e-01
760, 6.819781e-02, 1.601514e-01, 9.990099e-01
761, 1.017885e+00, 2.607536e-01, 1.257370e-01
762, 9.246734e-01, 4.731054e-01, 5.042977e-01
763, 8.688700e-01, 3.057021e-01, 5.375711e-01
764, 3.953257e-01, 4.279877e-01, 4.859029e-01
765, 1.738231e-01, 5.556210e-01, 7.724544e-01
766, 8.882661e-01, 2.389104e-01, 1.163427e-01
767, 3.502831e-01, 6.752341e-02, 7.309584e-01
768, 8.680414e-02, 2.427549e-01, 8.448667e-01
769, 6.483066e-01, 2.529555e-01, 9.698555e-01
770, 4.367878e-01, 4.119181e-01, 4.286951e-01
771, 7.952303e-01, 4.981865e-01, 5.527768e-01
772, 4.536116e-01, 7.819609e-01, 6.604290e-01
773, 2.911950e-01, 3.290367e-01, 9.770764e-01
774, 6.653469e-01, 6.518809e-02, 4.361443e-01
775, 1.286926e-01, 6.096786e-01, 8.081779e-01
776, 8.326618e-03, 5.130655e-02, 8.661024e-01
777, 5.392105e-01, 1.837079e-01, 1.035164e+00
778, 6.352147e-02, 9.011421e-02, 8.158309e-01
779, 5.681619e-01, 4.595493e-01, 1.459085e-01
780, 5.969289e-01, 3.021201e-01, 4.408397e-01
781, 9.639999e-01, 1.404548e-01, 5.775541e-01
782, 5.584302e-01, 5.438429e-01, 4.707614e-01
783, 2.988174e-02, 1.853820e-02, 7.848582e-01
784, 1.511706e-01, 3.491573e-04, 9.420979e-01
785, 1.277097e-01, 4.900862e-01, 7.833936e-01
786, 7.946542e-01, 3.089009e-01, 2.753035e-01
787, 1.512127e-01, 3.686696e-02, 8.222741e-01
788, 8.685443e-01, 4.124099e-02, 2.642146e-01
789, 1.411793e-03, 8.435573e-01, 8.727090e-02
790, 5.250508e-01, 5.296912e-01, 5.194406e-02
791, 7.864296e-01, 6.634836e-02, 8.436211e-01
792, 2.693520e-02, 3.006871e-02, 7.504379e-01
793, 6.661874e-01, 8.431659e-01, 5.257491e-02
794, 7.757184e-01, 7.447340e-02, 1.844457e-01
795, 7.904739e-01, 4.982990e-01, 6.780007e-01
796, 3.257892e-01, 7.928876e-01, 5.798922e-01
797, 1.810710e-04, 4.200161e-01, 8.698457e-01
798, 2.565089e-01, 1.012643e+00, 1.240683e-01
799, 2.420500e-01, 7.144274e-02, 9.344874e-01
800, 1.404337e-01, 1.635060e-01, 8.673538e-01
801, 4.291642e-01, 2.731655e-01, 1.017075e+00
802, 5.622873e-02, 9.482603e-01, 1.464733e-01
803, 3.146889e-01, 1.147184e+00, 1.237668e-01
804, 8.747213e-01, 1.045458e-01, 7.040765e-01
805, 5.738015e-01, 1.037804e-01, 8.891043e-01
806, 9.183381e-01, 2.204706e-02, 2.407355e-02
807, 6.487931e-01, 1.546071e-01, 4.816141e-01
808, 7.836358e-01, 4.016064e-01, 6.985524e-01
809, 2.001561e-01, 3.344187e-01, 6.833745e-01
810, 3.060932e-01, 6.281891e-01, 4.138336e-01
811, 1.675498e-01, 1.274407e-01, 1.132271e+00
812, 2.918340e-01, 7.822314e-01, 5.373416e-01
813, 4.991795e-01, 8.185415e-02, 1.047750e+00
814, 4.133686e-01, 6.299765e-01, 3.909725e-01
815, 1.016371e-01, 2.877718e-01, 1.061409e+00
816, 2.264941e-01, 4.046774e-01, 5.607400e-01
817, 1.477661e-01, 6.065326e-01, 4.939745e-01
818, 3.709148e-01, 8.999240e-01, 1.331862e-01
819, 6.868684e-01, 3.355662e-01, 7.470662e-01
820, 6.343630e-01, 2.491781e-01, 8.380475e-01
821, 8.231897e-01, 7.575225e-01, 3.500322e-01
822, 7.521765e-01, 3.458162e-01, 2.232835e-01
823, 7.939837e-01, 2.400624e-01, 1.792345e-01
824, 5.431934e-01, 5.537923e-01, 7.705938e-01
825, 3.742481e-01, 3.857917e-01, 1.007914e+00
826, 5.011843e-01, 3.317529e-03, 7.468953e-01
827, 3.842428e-01, 8.583442e-01, 1.115552e-01
828, 8.416928e-01, 6.123603e-03, 2.994076e-01
829, 2.811720e-01, 7.056981e-01, 8.241278e-02
830, 5.084169e-02, 7.162231e-01, 7.409114e-01
831, 4.315584e-01, 2.396250e-01, 9.112973e-01
832, 8.565098e-01, 3.749499e-01, 4.634946e-01
833, 1.584960e-01, 1.540202e-01, 1.092193e+00
834, 1.657878e-01, 1.026279e-01, 9.572006e-01
835, 3.253915e-01, 5.618069e-01, 4.686492e-01
836, 2.227234e-01, 3.766176e-01, 9.287434e-01
837, 6.044557e-01, 3.257263e-01, 5.721127e-01
838, 1.804657e-01, 9.408640e-01, 1.737626e-01
839, 2.018066e-02, 4.400695e-02, 9.236741e-01
840, 1.181395e-01, 4.255224e-02, 9.668567e-01
841, 4.558535e-01, 2.533294e-01, 9.644883e-01
842, 8.359663e-01, 6.489635e-01, 4.143743e-01
843, 3.821371e-01, 8.090099e-01, 4.746097e-03
844, 1.450147e-01, 1.429102e-01, 7.839673e-01
845, 5.623918e-01, 4.193819e-02, 4.995705e-01
846, 1.145667e+00, 1.248287e-01, 9.837110e-02
847, 7.712132e-01, 1.579043e-01, 8.845292e-01
848, 5.502331e-01, 3.823087e-02, 4.758836e-01
849, 4.980755e-01, 3.844566e-01, 4.105178e-01
850, 7.550631e-01, 5.839729e-01, 2.380541e-01
851, 4.134665e-01, 4.425305e-01, 4.933292e-01
852, 1.796383e-01, 3.302832e-01, 9.287606e-01
853, 1.052955e-01, 8.310451e-01, 5.040569e-02
854, 7.918372e-01, 1.832041e-01, 6.564537e-02
855, 6.248218e-01, 3.867574e-01, 6.800010e-01
856, 4.706576e-01, 4.505847e-01, 3.266824e-01
857, 1.384575e-02, 1.307925e-01, 1.067615e+00
858, 7.094822e-01, 6.747519e-01, 2.314306e-02
859, 5.704986e-01, 1.050396e-01, 5.389772e-01
860, 1.386403e-01, 1.108381e+00, 1.881076e-01
861, 7.545780e-01, 8.686479e-01, 1.809128e-01
862, 6.264097e-01, 3.895101e-01, 9.702415e-02
863, 5.573377e-01, 3.244327e-01, 9.167814e-01
864, 1.044785e+00, 4.540543e-03, 5.171465e-01
865, 3.353352e-01, 9.529728e-01, 1.356675e-01
866, 7.806012e-01, 4.899525e-01, 2.800514e-01
867, 2.650663e-01, 3.735299e-01, 6.295775e-01
868, 4.231066e-03, 2.047461e-01, 1.029936e+00
869, 1.435558e-01, 3.682291e-01, 8.097821e-01
870, 1.359832e-01, 1.800129e-01, 1.037971e+00
871, 8.369304e-01, 1.943923e-02, 2.185460e-01
872, 3.602887e-01, 3.528781e-01, 6.218388e-01
873, 1.769451e-01, 2.849342e-02, 7.523433e-01
874, 6.617245e-01, 3.294563e-01, 4.063392e-02
875, 7.824846e-01, 9.960836e-02, 4.610431e-01
876, 1.552296e-01, 1.461590e-01, 1.132298e+00
877, 1.022196e+00, 1.429567e-01, 3.137533e-02
878, 6.130994e-01, 3.347053e-01, 5.190682e-01
879, 1.368492e-01, 7.075247e-01, 2.107088e-01
880, 6.805171e-01, 4.377162e-01, 8.394559e-02
881, 7.748286e-01, 1.179607e-02, 9.070349e-01
882, 5.321794e-01, 1.656483e-01, 6.008375e-01
883, 3.034906e-01, 1.071753e+00, 3.008746e-02
884, 6.848911e-01, 7.611441e-01, 4.036828e-01
885, 5.437219e-01, 4.471440e-01, 3.205676e-01
886, 1.410274e-01, 1.370099e-01, 7.458239e-01
887, 9.451357e-01, 4.588060e-01, 1.104340e-01
888, 5.126637e-01, 2.871555e-01, 8.289091e-01
889, 9.735822e-02, 8.553058e-01, 4.568648e-01
890, 1.003999e+00, 5.903500e-01, 1.440899e-01
891, 5.598883e-01, 2.169121e-01, 7.731288e-01
892, 3.577471e-01, 1.026102e+00, 4.521565e-01
893, 1.706613e-01, 8.092803e-01, 6.784011e-01
894, 1.433510e-02, 1.498157e-01, 6.964118e-01
895, 3.480805e-01, 3.174413e-01, 6.169110e-01
896, 1.088498e-01, 1.363524e-01, 1.057014e+00
897, 4.791551e-01, 1.464740e-01, 6.512127e-01
898, 2.144504e-01, 4.766535e-02, 1.055872e+00
899, 2.526880e-01, 1.087175e-01, 9.932371e-01
900, 3.781071e-01, 3.218961e-01, 6.501060e-01
901, 6.703639e-01, 1.097543e-01, 7.177997e-01
902, 5.977109e-01, 4.984994e-01, 4.089853e-01
903, 1.767785e-01, 8.552163e-01, 7.305975e-01
904, 2.985976e-01, 1.565819e-01, 7.271031e-01
905, 5.259432e-02, 7.907554e-01, 4.039415e-01
906, 1.101654e-02, 4.834298e-02, 8.181271e-01
907, 5.333956e-01, 1.564775e-01, 6.231038e-01
908, 5.587826e-01, 9.751939e-01, 1.450238e-01
909, 3.624352e-01, 7.445265e-01, 1.409533e-01
910, 6.427799e-01, 3.462909e-01, 8.482836e-01
911, 7.518590e-02, 5.324220e-01, 5.599933e-01
912, 5.849779e-01, 6.278054e-01, 2.656723e-01
913, 8.289998e-01, 4.655798e-01, 4.108019e-01
914, 7.601682e-01, 5.200824e-02, 8.320057e-01
915, 3.201008e-01, 4.702150e-01, 9.971436e-01
916, 1.474475e-01, 3.560553e-01, 6.685268e-01
917, 4.794418e-01, 1.935413e-01, 5.012550e-01
918, 1.230920e-01, 2.375436e-01, 8.466834e-01
919, 7.214893e-04, 3.056071e-04, 1.034355e+00
920, 2.594250e-01, 9.260337e-02, 8.276708e-01
921, 9.515357e-01, 1.247812e-01, 6.001842e-01
922, 5.764833e-01, 5.546773e-01, 1.876286e-01
923, 4.287765e-02, 6.102211e-01, 1.031677e+00
924, 2.472955e-01, 6.182364e-01, 2.603890e-01
925, 3.348745e-01, 2.876504e-01, 7.802729e-01
926, 2.660354e-01, 1.204488e-01, 7.435555e-01
927, 1.045204e+00, 9.969976e-05, 4.840976e-01
928, 7.556198e-01, 3.352826e-01, 2.358005e-02
929, 6.736138e-01, 5.025854e-02, 7.682073e-01
930, 6.498018e-02, 1.531574e-01, 8.508173e-01
931, 5.514859e-01, 4.806524e-01, 7.436374e-01
932, 5.202125e-02, 9.084480e-01, 5.810640e-01
933, 1.720036e-01, 6.405338e-01, 2.855375e-01
934, 6.880583e-01, 5.940561e-01, 5.830361e-01
935, 1.452150e-01, 1.596552e-01, 1.016378e+00
936, 9.482338e-02, 7.441056e-02, 1.067441e+00
937, 2.601129e-01, 7.484581e-01, 4.773000e-01
938, 2.931750e-01, 9.956287e-01, 4.849068e-01
939, 1.283716e-01, 2.111237e-01, 7.131009e-01
940, 5.791817e-01, 9.689130e-01, 1.150777e-02
941, 7.704974e-02, 4.495874e-01, 7.732409e-01
942, 7.444352e-01, 7.831532e-02, 4.929730e-01
943, 2.040122e-01, 1.272907e-01, 9.476260e-01
944, 7.468449e-02, 5.257146e-01, 6.075751e-01
945, 2.105512e-01, 2.396694e-01, 7.479697e-01
946, 7.039751e-02, 9.555130e-02, 8.974341e-01
947, 4.348944e-01, 3.780892e-01, 6.968737e-01
948, 6.024522e-01, 9.418263e-01, 2.023508e-02
949, 3.372090e-01, 3.403136e-01, 7.664969e-01
950, 1.108877e-01, 3.246896e-01, 6.578602e-01
951, 3.903578e-01, 7.224370e-01, 2.791834e-01
952, 2.644059e-02, 2.445945e-01, 1.144341e+00
953, 3.148304e-02, 7.260987e-01, 9.251118e-01
954, 3.888349e-01, 9.850483e-01, 4.183873e-01
955, 1.401131e-01, 1.997706e-01, 7.192831e-01
956, 3.041143e-02, 1.269959e-02, 1.069394e+00
957, 5.528962e-02, 1.804866e-02, 7.912064e-01
958, 5.770925e-02, 9.865672e-02, 9.911412e-01
959, 3.510658e-01, 6.643409e-01, 3.730786e-01
960, 9.185406e-02, 4.135790e-01, 7.904547e-01
961, 3.828467e-01, 2.082625e-01, 7.213443e-01
962, 7.102343e-01, 1.463292e-01, 7.727103e-01
963, 1.824072e-01, 7.379885e-01, 7.563451e-02
964, 2.958220e-02, 3.048596e-02, 9.673918e-01
965, 4.658578e-01, 4.094720e-01, 5.785149e-01
966, 4.195516e-01, 6.041916e-01, 3.312213e-01
967, 1.832171e-02, 3.062603e-02, 8.043566e-01
968, 1.155462e-01, 5.110383e-02, 9.715053e-01
969, 7.579226e-01, 6.587638e-01, 4.889113e-01
970, 2.469746e-04, 7.549386e-01, 3.106244e-01
971, 1.084231e+00, 1.816477e-01, 7.223730e-02
972, 8.890781e-01, 2.473399e-02, 1.107429e-01
973, 7.952802e-02, 2.893824e-02, 1.128894e+00
974, 5.154728e-03, 4.359193e-01, 6.668139e-01
975, 1.395920e-01, 2.700825e-01, 8.125160e-01
976, 9.848282e-01, 5.104183e-01, 1.477014e-01
977, 1.762299e-01, 2.919361e-01, 9.468139e-01
978, 3.741793e-01, 1.883668e-01, 7.923379e-01
979, 2.815990e-02, 3.011439e-02, 8.746018e-01
980, 5.664276e-01, 5.057888e-01, 7.652123e-01
981, 1.909481e-01, 7.230742e-01, 2.105087e-03
982, 4.280476e-01, 3.191187e-01, 1.047581e+00
983, 4.057425e-01, 3.811804e-02, 9.566489e-01
984, 5.697336e-01, 8.603520e-02, 4.166905e-01
985, 6.219407e-01, 6.286780e-01, 5.994802e-01
986, 4.027135e-01, 3.910160e-01, 5.250576e-01
987, 1.453997e-01, 1.081797e+00, 1.720310e-01
988, 1.183572e-01, 4.994457e-01, 1.049835e+00
989, 4.103964e-01, 5.647271e-01, 2.370279e-01
990, 3.882521e-01, 5.455124e-01, 6.165212e-01
991, 5.396767e-01, 4.986975e-01, 1.392074e-02
992, 6.141335e-01, 2.756777e-02, 3.788668e-01
993, 7.169249e-01, 8.730066e-01, 3.313887e-02
994, 5.967709e-01, 3.807459e-01, 6.612950e-01
995, 3.626730e-01, 7.251429e-01, 8.578371e-01
996, 6.588668e-02, 5.709573e-02, 9.861830e-01
997, 5.922466e-01, 5.832515e-01, 6.721716e-01
998, 1.003049e-01, 1.588465e-01, 7.329214e-01
999, 9.072007e-01, 1.081345e-02, 4.507197e-01
