RETURN_TIME RETURN_MASS
2.361900999999999862e-01 1.094176000000000037e+00
1.123788999999999927e+00 1.110440000000000094e+00
8.005429999999999491e-02 1.061595999999999984e+00
8.860859000000000096e-02 1.064613000000000032e+00
1.980589000000000099e-01 1.097050000000000081e+00
5.557002999999999943e-02 1.070737000000000050e+00
5.880798000000000414e-01 1.105523000000000033e+00
2.611870000000000164e-02 1.081058000000000074e+00
2.835392999999999941e-01 1.079225000000000101e+00
1.422407000000000012e-02 1.060124000000000066e+00
2.430753999999999859e+00 1.133162000000000003e+00
3.208507999999999916e-01 1.098303000000000029e+00
1.515443000000000096e+00 1.077474000000000043e+00
7.587808000000000330e-01 1.090883000000000047e+00
6.254500999999999811e-02 1.074810999999999961e+00
1.262604000000000060e+00 1.105374999999999996e+00
2.821182999999999996e+00 1.115094000000000030e+00
1.826476000000000141e-02 1.062556000000000056e+00
1.334691000000000002e-02 1.060530999999999890e+00
2.177018999999999829e-02 1.053120999999999974e+00
1.214839000000000058e-01 1.084451999999999972e+00
2.003299000000000052e-01 1.106986000000000026e+00
3.531941000000000247e-02 1.059679999999999955e+00
5.015548999999999702e-02 1.084816000000000003e+00
1.915140999999999927e-01 1.076696000000000097e+00
9.888922999999999464e-02 1.085869999999999891e+00
2.480730000000000088e-02 1.067898000000000014e+00
8.002030999999999727e-02 1.070603999999999889e+00
4.318175000000000208e-01 1.074623000000000106e+00
1.984146000000000173e-02 1.061428000000000038e+00
7.460774999999999491e-01 1.096916000000000002e+00
1.698868999999999962e+00 1.099056000000000033e+00
7.000568000000000346e-01 1.100152000000000019e+00
3.247057999999999889e-01 1.108108000000000093e+00
4.833719999999999684e-02 1.089666000000000023e+00
2.341727000000000045e-02 1.067345999999999906e+00
5.448479000000000516e-01 1.103064000000000044e+00
4.336919999999999664e-02 1.060519999999999907e+00
4.705987999999999838e-02 1.082230000000000025e+00
4.297407000000000310e-02 1.059925000000000006e+00
1.010463000000000056e-01 1.083428000000000058e+00
4.028936999999999796e-02 1.082985000000000086e+00
1.906827999999999995e-02 1.050680999999999976e+00
7.661540999999999491e-01 1.111979999999999968e+00
2.074507999999999908e-02 1.039408000000000110e+00
1.666582000000000063e-01 1.097023999999999999e+00
2.427341999999999889e+00 1.103950999999999905e+00
1.005077999999999944e-01 1.088410000000000100e+00
4.574908999999999920e-02 1.074187999999999921e+00
3.113062999999999803e-01 1.100341000000000014e+00
1.151953000000000005e+00 1.104667999999999983e+00
1.392190999999999915e-02 1.070710000000000051e+00
4.850330999999999948e-01 1.117660000000000098e+00
1.635724000000000067e-01 1.050762999999999892e+00
2.559658999999999893e-02 1.081696999999999909e+00
1.510468000000000088e-01 1.086090000000000000e+00
1.840403999999999929e-01 1.091066000000000091e+00
3.492295000000000260e-01 1.061236999999999986e+00
2.532784000000000146e-01 1.090308000000000055e+00
1.507909000000000055e-01 1.090063000000000004e+00
7.196489999999999831e-02 1.072769000000000084e+00
2.007115999999999900e+00 1.108567999999999998e+00
3.864862000000000020e-01 1.087476000000000109e+00
9.214301999999999770e-01 1.080716999999999928e+00
9.530223000000000166e-02 1.056756000000000029e+00
1.354091000000000045e-01 1.094819999999999904e+00
2.102398999999999935e-02 1.056119000000000030e+00
2.494862000000000121e-02 1.076259000000000077e+00
3.277888999999999803e-02 1.077328000000000063e+00
1.310645000000000004e-01 1.055606999999999962e+00
3.190751000000000004e-01 1.104405000000000081e+00
5.045886000000000537e-01 1.105609999999999982e+00
5.652751999999999777e-01 1.103639000000000037e+00
2.475515000000000132e+00 1.080111000000000043e+00
1.446060999999999874e-01 1.076387999999999900e+00
1.225179000000000025e-02 1.065960000000000019e+00
5.766262999999999944e-02 1.081765000000000088e+00
2.171895999999999827e+00 1.091903000000000068e+00
1.282812000000000015e-02 1.059806999999999944e+00
1.330000999999999926e-02 1.067768999999999968e+00
1.502680999999999982e-02 1.061420000000000030e+00
1.586769000000000027e-02 1.062834000000000056e+00
7.620455000000000423e-01 1.057868999999999948e+00
1.755833999999999867e-02 1.047868999999999939e+00
1.642954000000000081e-01 1.085169000000000050e+00
3.226148999999999822e-01 1.078681999999999919e+00
8.347641000000000089e-02 1.061320000000000041e+00
2.836414999999999909e-01 1.101158999999999999e+00
3.579468000000000094e-01 1.075294999999999890e+00
1.256401000000000046e-02 1.065412999999999943e+00
6.703589999999999549e-02 1.059417000000000053e+00
2.137476000000000098e-01 1.095822000000000074e+00
2.898947000000000163e+00 1.111197999999999908e+00
1.335291000000000117e-01 1.067512999999999934e+00
2.376645000000000008e-01 1.084548000000000068e+00
1.257606999999999919e+00 1.113893000000000022e+00
7.177733999999999503e-02 1.096934000000000076e+00
7.408117000000000174e-02 1.051576000000000066e+00
2.958223999999999854e-01 1.095663999999999971e+00
1.116536000000000056e-01 1.072567999999999966e+00
2.307665000000000133e-01 1.087383999999999906e+00
1.576046000000000114e-01 1.089464999999999906e+00
3.171803999999999735e-01 1.102735000000000021e+00
2.862514000000000031e-02 1.050392999999999910e+00
1.566626999999999881e-01 1.060483999999999982e+00
6.424352999999999314e-02 1.074603999999999893e+00
3.360100999999999782e-01 1.085461999999999927e+00
1.980878000000000083e-01 1.092031999999999892e+00
7.438933000000000351e-02 1.076624000000000025e+00
4.978699999999999792e-02 1.040421000000000040e+00
1.079782000000000020e+00 1.077685999999999922e+00
3.939828000000000080e-02 1.068111999999999950e+00
1.881752000000000091e+00 1.087536000000000058e+00
3.426154000000000005e-02 1.049897999999999998e+00
5.200607000000000424e-01 1.099471000000000087e+00
3.161306999999999867e-01 1.104211999999999971e+00
5.359553000000000234e-02 1.089472999999999914e+00
8.097179000000000182e-02 1.045155000000000056e+00
2.569268999999999803e+00 1.113226999999999967e+00
3.982087000000000265e-01 1.110832999999999959e+00
2.076948999999999879e-01 1.096651000000000042e+00
2.434784999999999866e-01 1.103636999999999979e+00
1.686112000000000055e+00 1.113420999999999994e+00
1.716276999999999942e-01 1.098904000000000103e+00
6.082708000000000004e-01 1.118632000000000071e+00
1.311203999999999981e-01 1.096648999999999985e+00
3.991096000000000088e-01 1.079816000000000109e+00
1.048643999999999965e-01 1.090349999999999930e+00
2.941642999999999897e-01 1.070254999999999956e+00
2.137217999999999896e-01 1.091784000000000088e+00
4.479603999999999808e-01 1.101941000000000059e+00
4.162692000000000059e-01 1.113212000000000090e+00
1.468681000000000014e-01 1.078705999999999943e+00
2.278420999999999919e-01 1.092816000000000010e+00
7.090243999999999991e-01 1.102049000000000056e+00
1.056810999999999945e+00 1.082974000000000103e+00
2.174643999999999883e-02 1.066070999999999991e+00
7.988747000000000209e-02 1.073908000000000085e+00
3.530988000000000182e-02 1.057112000000000052e+00
9.319674000000000014e-02 1.087949000000000055e+00
3.895773999999999765e-02 1.080778999999999934e+00
4.981010999999999772e-02 1.088710000000000067e+00
1.772813000000000028e-01 1.089104000000000072e+00
4.331017999999999812e-01 1.077266999999999975e+00
2.118661999999999976e-02 1.060910000000000020e+00
8.258463999999999805e-01 1.091607999999999912e+00
2.772586000000000148e-02 1.081404000000000032e+00
5.823736999999999664e-02 1.073037000000000019e+00
1.727821999999999969e+00 1.108449999999999935e+00
7.632276999999999534e-01 1.101027999999999896e+00
2.283198999999999923e-01 1.056897999999999893e+00
6.345581999999999612e-02 1.068500000000000005e+00
3.456105000000000288e-02 1.073461999999999916e+00
1.722251999999999894e+00 1.118907000000000096e+00
1.669034000000000142e-02 1.054200999999999944e+00
1.144667000000000046e-01 1.080888000000000071e+00
2.149128999999999970e-02 1.070337000000000094e+00
1.478586999999999957e-02 1.052287999999999890e+00
5.026114999999999750e-02 1.078236999999999890e+00
7.037889999999999979e-01 1.098811999999999900e+00
2.007627999999999843e-02 1.060834000000000055e+00
2.491118999999999861e+00 1.090016000000000096e+00
1.144927000000000028e-01 1.082179000000000002e+00
1.030921000000000060e-01 1.094937000000000049e+00
1.098504000000000008e-01 1.077881000000000089e+00
3.159931000000000267e-01 1.100257000000000041e+00
3.248017000000000265e-01 1.100648999999999988e+00
6.920441000000000509e-01 1.081542000000000003e+00
1.461355999999999940e-02 1.051695999999999964e+00
4.568028000000000088e-01 1.074289000000000049e+00
1.024221000000000048e+00 1.106438000000000033e+00
2.826590000000000005e-02 1.079147999999999996e+00
1.607261000000000106e-01 1.049088000000000021e+00
3.189586999999999839e-01 1.107933000000000057e+00
1.841201000000000088e-01 1.108737000000000084e+00
1.602895000000000014e-02 1.061384000000000105e+00
6.855849999999999445e-02 1.090827999999999909e+00
4.882150999999999852e-02 1.090159000000000100e+00
4.142490999999999812e-01 1.102003000000000066e+00
3.578103000000000256e-01 1.081766999999999923e+00
2.491957999999999951e-01 1.096686000000000050e+00
8.412488999999999661e-01 1.107345000000000024e+00
5.444072999999999968e-02 1.083471999999999991e+00
6.190857000000000304e-02 1.079973999999999990e+00
1.777493999999999907e+00 1.112943999999999933e+00
5.894739000000000229e-02 1.079723999999999906e+00
1.587594999999999978e-01 1.093185999999999991e+00
2.157551000000000219e+00 1.112619999999999942e+00
1.578483999999999998e-01 1.066321999999999992e+00
7.373657999999999602e-02 1.102597000000000049e+00
1.296291999999999930e-02 1.067671000000000037e+00
2.427135999999999960e+00 1.101054999999999895e+00
3.630742000000000136e-01 1.105487000000000108e+00
1.066422999999999954e-01 1.096661000000000108e+00
3.502314999999999734e-01 1.095773000000000108e+00
1.459546999999999928e-02 1.065592000000000095e+00
1.981009000000000020e+00 1.115339999999999998e+00
4.201428999999999858e-01 1.108862000000000014e+00
7.932817000000000340e-02 1.057374999999999954e+00
7.665405999999999609e-02 1.076352999999999893e+00
3.183966999999999770e-01 1.076985999999999999e+00
1.737642999999999827e-02 1.060392000000000001e+00
1.055356999999999962e-01 1.070872000000000046e+00
3.867521000000000153e-02 1.065582000000000029e+00
8.276836999999999389e-02 1.097070999999999907e+00
4.842682999999999710e-02 1.040478999999999932e+00
1.786077000000000151e-02 1.040410000000000057e+00
1.599909999999999874e-02 1.068794999999999940e+00
7.805998999999999577e-02 1.049876999999999949e+00
1.394062000000000079e-01 1.093264000000000014e+00
4.789399999999999907e-02 1.092864999999999975e+00
5.991052000000000183e-02 1.077223000000000042e+00
3.537923000000000040e-01 1.069463000000000052e+00
1.126005000000000061e-02 1.040853000000000028e+00
2.032281000000000018e-02 1.062953000000000037e+00
4.962184000000000039e-02 1.085580999999999907e+00
9.228118999999999905e-02 1.084120999999999890e+00
2.026841000000000059e-01 1.080689999999999928e+00
2.086504000000000136e-02 1.065911999999999971e+00
7.496774000000000493e-01 1.120818000000000092e+00
2.520808000000000076e-02 1.054024000000000072e+00
1.303790999999999978e-02 1.068138999999999950e+00
4.133238000000000190e-01 1.091190000000000104e+00
2.620783999999999961e-02 1.084292999999999951e+00
1.254220000000000057e-01 1.095917000000000030e+00
1.125548999999999911e+00 1.110675999999999997e+00
5.358593999999999857e-02 1.062794000000000016e+00
3.655795000000000017e-01 1.104382999999999893e+00
9.923680000000000279e-01 1.109993000000000007e+00
4.459728999999999777e-02 1.077630000000000088e+00
2.721932000000000240e-01 1.078908999999999896e+00
2.223525000000000085e-01 1.083857000000000070e+00
4.079801999999999734e-02 1.054308000000000023e+00
8.585597000000000367e-02 1.095434000000000019e+00
1.092341000000000006e+00 1.104646999999999935e+00
6.607718999999999399e-02 1.061066000000000065e+00
3.341431999999999736e-01 1.082854999999999901e+00
2.502155000000000004e-02 1.076659000000000033e+00
1.290189999999999913e-02 1.065212999999999965e+00
2.175250999999999921e-02 1.033851000000000075e+00
2.243088000000000026e-02 1.059452999999999978e+00
1.951840999999999993e-02 1.050701000000000107e+00
4.308644999999999836e-02 1.057803999999999967e+00
7.382089000000000012e-02 1.065263999999999989e+00
1.186969999999999970e-01 1.080109999999999904e+00
4.281460000000000127e-02 1.089928999999999926e+00
6.005462000000000300e-02 1.079706000000000055e+00
4.674209999999999754e-01 1.079498999999999986e+00
8.135016999999999943e-02 1.092174999999999896e+00
2.459505000000000025e-02 1.086443000000000048e+00
1.506966000000000035e-02 1.053592000000000084e+00
7.048962999999999757e-02 1.050796000000000063e+00
1.815943999999999892e-02 1.036351999999999940e+00
3.563444000000000333e-02 1.064418000000000086e+00
2.163961000000000010e-02 1.060070000000000068e+00
1.705743000000000120e-01 1.082918999999999965e+00
1.272209000000000013e-02 1.058707000000000065e+00
1.741708000000000145e-02 1.055460000000000065e+00
1.710286000000000098e-02 1.055895000000000028e+00
5.965783999999999671e-02 1.081266999999999978e+00
7.161707000000000489e-01 1.105425000000000102e+00
4.338343000000000060e-02 1.060475999999999974e+00
3.630227999999999788e-01 1.116001000000000021e+00
1.880471999999999977e-01 1.078114000000000017e+00
5.292390000000000289e-02 1.087016999999999900e+00
1.900251999999999844e-02 1.042926000000000020e+00
1.634015000000000120e-02 1.059781000000000084e+00
5.753484999999999849e-02 1.083544000000000063e+00
4.250903999999999794e-01 1.107618999999999909e+00
9.750298000000000298e-02 1.068067000000000100e+00
1.783673000000000064e-01 1.084557999999999911e+00
3.042604999999999962e-02 1.077021000000000006e+00
1.953292000000000084e-01 1.107337999999999933e+00
4.387390000000000040e-02 1.086152999999999924e+00
5.840146000000000504e-01 1.093725999999999976e+00
1.116724000000000050e+00 1.082656000000000063e+00
6.057429999999999759e-02 1.084829999999999961e+00
3.137187000000000309e-02 1.075566999999999940e+00
8.069940000000000446e-02 1.069342000000000015e+00
2.873341000000000089e-02 1.078478000000000048e+00
5.238786000000000137e-02 1.082133999999999929e+00
1.071339999999999959e+00 1.120082999999999940e+00
1.309605999999999965e-02 1.056605999999999934e+00
1.068939000000000000e-01 1.042149999999999910e+00
1.048228999999999966e-01 1.091109000000000107e+00
4.130507999999999957e-01 1.100376999999999938e+00
1.427605000000000013e+00 1.061118000000000006e+00
7.630419999999999980e-01 1.112185999999999897e+00
1.722181000000000128e-01 1.091415999999999942e+00
6.709553999999999518e-02 1.072521999999999975e+00
1.363068000000000057e-01 1.094821999999999962e+00
1.479835999999999929e-01 1.093558999999999948e+00
2.330081000000000166e-02 1.074386000000000063e+00
1.221542999999999934e-02 1.047271999999999981e+00
2.283953999999999984e-01 1.096397999999999984e+00
4.346735000000000182e-02 1.058111999999999941e+00
3.497366000000000086e-01 1.092081000000000079e+00
1.234994000000000022e-02 1.066205000000000069e+00
1.472533000000000092e+00 1.078996999999999984e+00
1.283970000000000077e-02 1.063547999999999938e+00
1.272687999999999944e-02 1.062124000000000068e+00
2.803618000000000082e-02 1.080962999999999896e+00
3.150866000000000083e-02 1.077387000000000095e+00
4.172730000000000050e-01 1.070546999999999915e+00
1.131975000000000064e-01 1.084703999999999890e+00
2.164070999999999911e-01 1.094835999999999920e+00
2.880357000000000056e-01 1.090508000000000033e+00
2.545226999999999906e-02 1.057099999999999929e+00
1.223633000000000012e-02 1.067406000000000077e+00
1.867900999999999936e-02 1.038175999999999988e+00
2.596634000000000095e-02 1.084340000000000082e+00
6.222695999999999783e-02 1.076094000000000106e+00
2.799027999999999933e-02 1.079938999999999982e+00
2.446023999999999976e+00 1.112516000000000060e+00
4.773430000000000034e-02 1.092100000000000071e+00
2.068379000000000190e+00 1.089658999999999933e+00
5.312474999999999836e-02 1.077301999999999982e+00
2.885845999999999897e-02 1.055369999999999919e+00
6.849726999999999899e-01 1.089417999999999997e+00
1.100158999999999998e-01 1.088446999999999942e+00
7.854003999999999985e-01 1.101012000000000102e+00
1.289336000000000038e+00 1.057841999999999949e+00
1.269434999999999869e-01 1.057981000000000060e+00
4.963191000000000130e-02 1.091053999999999968e+00
3.037892999999999843e-02 1.077256999999999909e+00
3.579817000000000138e-01 1.104422000000000015e+00
3.933827000000000157e-02 1.058613000000000026e+00
3.520536000000000221e-01 1.063228000000000062e+00
8.235293000000000196e-01 1.099047000000000107e+00
5.135234999999999800e-02 1.090778999999999943e+00
3.834424000000000166e-01 1.064116999999999980e+00
1.784826999999999941e+00 1.065268000000000104e+00
1.353475999999999985e-02 1.057765000000000066e+00
2.612489000000000131e-02 1.065722999999999976e+00
1.110819000000000001e+00 1.117572000000000010e+00
1.266818999999999931e-02 1.061269000000000018e+00
2.181262000000000131e-02 1.073231000000000046e+00
5.553040000000000198e-01 1.095807999999999893e+00
2.170348999999999862e+00 1.107718999999999898e+00
5.991579999999999823e-02 1.081199000000000021e+00
2.492310000000000011e-02 1.040710999999999942e+00
2.455810999999999966e-01 1.080162000000000067e+00
2.248108000000000217e+00 1.104627000000000026e+00
2.412395999999999985e-02 1.050078999999999985e+00
1.999769999999999881e-01 1.084322999999999926e+00
1.178817999999999921e+00 1.114214000000000038e+00
1.232077000000000089e+00 1.104346000000000050e+00
5.063932000000000155e-02 1.087169999999999970e+00
2.462612999999999955e-02 1.075307000000000013e+00
4.767133999999999955e-02 1.055881000000000070e+00
1.995003999999999944e-01 1.076489000000000029e+00
2.364822000000000035e-01 1.099177000000000071e+00
5.723600999999999689e-02 1.052850000000000064e+00
1.177434000000000092e+00 1.109132000000000007e+00
3.265977999999999937e-01 1.081803000000000070e+00
2.318836000000000161e-02 1.068867999999999929e+00
1.294272999999999951e-01 1.089820000000000011e+00
1.775320999999999927e+00 1.105644999999999989e+00
1.697948999999999986e-02 1.042396000000000100e+00
1.881845999999999908e+00 1.119505999999999890e+00
2.151327000000000100e-02 1.053230000000000111e+00
5.567582000000000086e-02 1.083933000000000035e+00
4.178242000000000067e-02 1.083264000000000005e+00
2.151372000000000007e-01 1.097135999999999889e+00
1.038415000000000032e-01 1.088646000000000003e+00
5.854953999999999714e-02 1.081360000000000099e+00
1.624451000000000089e-01 1.088087000000000026e+00
1.208946000000000076e+00 1.083018999999999954e+00
2.605439000000000060e+00 1.124066000000000010e+00
1.642386000000000124e-01 1.082859999999999934e+00
1.333699000000000134e-01 1.070441999999999894e+00
2.675800999999999874e-02 1.082033999999999940e+00
2.989554000000000170e-02 1.071523999999999921e+00
1.844455999999999873e-01 1.083010000000000028e+00
1.406287999999999982e-01 1.054202000000000083e+00
8.313708999999999683e-02 1.059704999999999897e+00
4.698474999999999735e-01 1.087714000000000070e+00
1.233679000000000026e-02 1.066216999999999970e+00
2.803498999999999922e-02 1.075731999999999911e+00
6.954488000000000336e-02 1.072804000000000091e+00
1.943442999999999976e-01 1.072357999999999922e+00
1.841927000000000147e-02 1.060848000000000013e+00
1.183522999999999936e-01 1.063236999999999988e+00
1.926763000000000087e-02 1.069018999999999942e+00
4.714300999999999908e-02 1.090097000000000094e+00
1.739221000000000170e-02 1.042551000000000005e+00
6.914583000000000534e-02 1.057585999999999915e+00
1.301538999999999995e-02 1.059959000000000096e+00
1.973485999999999990e-02 1.061955999999999900e+00
2.652192000000000091e-02 1.062313999999999981e+00
3.858232000000000328e-02 1.047631999999999897e+00
2.045932000000000084e+00 1.080751999999999935e+00
9.437879000000000407e-02 1.087166999999999994e+00
1.568642000000000092e-01 1.087580999999999909e+00
1.433802999999999987e-02 1.058491000000000071e+00
2.644607999999999959e-01 1.099676000000000098e+00
1.738151000000000002e+00 1.118285999999999891e+00
2.180534000000000194e+00 1.107717999999999980e+00
2.109497999999999929e-01 1.102346000000000048e+00
1.301703000000000054e+00 1.105580000000000007e+00
4.066775000000000251e-01 1.104513999999999996e+00
4.242884000000000239e-02 1.087998000000000021e+00
8.805842999999999310e-02 1.088262999999999980e+00
1.250853000000000104e-01 1.096103999999999967e+00
2.680400999999999964e-02 1.067131999999999969e+00
1.625684000000000157e-02 1.048402000000000056e+00
1.629129000000000049e+00 1.094449000000000005e+00
4.788672000000000067e-02 1.091855000000000020e+00
9.911013999999999935e-02 1.074559999999999960e+00
5.604816999999999716e-01 1.076189999999999980e+00
3.533248999999999973e-01 1.106297000000000086e+00
9.375092999999999621e-02 1.087431999999999954e+00
2.769363000000000241e-01 1.037204000000000015e+00
1.252598000000000100e+00 1.116222000000000047e+00
1.294318999999999886e-01 1.062381999999999938e+00
9.491937000000000291e-02 1.086132000000000097e+00
1.576841999999999827e-02 1.055393999999999943e+00
4.036813999999999680e-02 1.070297000000000054e+00
1.313460999999999934e-01 1.078209999999999891e+00
5.243885999999999686e-02 1.067096000000000044e+00
2.654619999999999896e-02 1.080154999999999976e+00
2.354583000000000093e-01 1.097649000000000097e+00
8.656157999999999908e-02 1.086735999999999924e+00
1.306024000000000074e-02 1.062704000000000093e+00
3.581774000000000069e-02 1.066543000000000019e+00
2.102656000000000081e+00 1.096244999999999914e+00
3.787825000000000220e-02 1.080877000000000088e+00
4.983392999999999851e-02 1.090141999999999944e+00
1.293566999999999981e-02 1.064815000000000067e+00
1.976560000000000095e+00 1.083690999999999960e+00
1.605368000000000073e-01 1.049385999999999930e+00
1.957726999999999939e-01 1.081933999999999951e+00
5.163016000000000272e-01 1.122332000000000107e+00
6.880516000000000409e-02 1.067212000000000049e+00
5.563822999999999686e-02 1.076303999999999927e+00
4.964828000000000019e-01 1.073212000000000055e+00
2.523299999999999849e-02 1.085709999999999953e+00
6.193598000000000159e-01 1.086797000000000013e+00
3.110090000000000077e-02 1.073646000000000100e+00
4.836755999999999694e-02 1.088260999999999923e+00
1.212657999999999965e-02 1.065255000000000063e+00
4.358966000000000229e-01 1.105560000000000098e+00
1.441366999999999995e-02 1.059701000000000004e+00
4.394854000000000122e-02 1.080527000000000015e+00
1.271925999999999959e-02 1.068030999999999953e+00
5.964097000000000148e-02 1.066440999999999972e+00
3.890923000000000298e-02 1.062808999999999893e+00
7.169761999999999524e-01 1.069487999999999994e+00
1.872900999999999927e+00 1.117348000000000008e+00
1.774606999999999921e-02 1.059102999999999906e+00
3.180718999999999907e-02 1.078408999999999951e+00
3.251265999999999878e-02 1.045527000000000095e+00
2.348741999999999844e-02 1.087115999999999971e+00
1.680859000000000172e-02 1.067744000000000026e+00
6.709556999999999327e-02 1.072111999999999954e+00
2.614359000000000127e-02 1.079020000000000090e+00
6.042127000000000470e-01 1.091034000000000059e+00
7.543050000000000033e-01 1.099957000000000074e+00
5.464706999999999898e-02 1.085090000000000110e+00
8.261261999999999772e-02 1.097652000000000072e+00
6.448525000000000507e-01 1.084065000000000056e+00
7.249274999999999469e-01 1.107930999999999999e+00
1.615108999999999906e+00 1.108116000000000101e+00
4.595173000000000313e-02 1.076694999999999958e+00
2.235202000000000022e-02 1.069382000000000055e+00
1.498719000000000023e-01 1.099847999999999937e+00
7.770934999999999648e-02 1.096246999999999971e+00
1.910776000000000141e-02 1.064530999999999894e+00
3.831711000000000145e-02 1.072062000000000070e+00
1.057566999999999952e-01 1.074940000000000007e+00
3.417820999999999776e-01 1.098756000000000066e+00
1.257320999999999959e-02 1.068535000000000013e+00
3.621358000000000216e-02 1.068141999999999925e+00
1.453382999999999932e-02 1.064791000000000043e+00
2.112614000000000158e-02 1.070049000000000028e+00
5.426163999999999987e-02 1.083320000000000061e+00
5.414151999999999854e-02 1.085307000000000022e+00
2.437554000000000110e-02 1.051995000000000013e+00
1.313582999999999938e-02 1.070135999999999976e+00
1.339206000000000008e-01 1.092044000000000015e+00
3.031949000000000102e-02 1.078070000000000084e+00
5.545411999999999564e-01 1.078386000000000067e+00
7.660361999999999449e-01 1.072926999999999964e+00
4.031421999999999783e-02 1.063944000000000001e+00
2.094824999999999882e-01 1.100306999999999924e+00
6.245646000000000253e-01 1.106818999999999997e+00
6.047833999999999710e-01 1.092684999999999906e+00
8.214671000000000056e-01 1.092802000000000051e+00
3.288779000000000008e-02 1.073595999999999995e+00
2.244876000000000094e+00 1.127839000000000036e+00
1.202865000000000045e-01 1.087198000000000109e+00
2.912054000000000031e-01 1.096306999999999920e+00
4.386277999999999705e-02 1.058092000000000033e+00
7.037596000000000129e-02 1.063773000000000080e+00
4.137347000000000108e-01 1.103202000000000016e+00
3.588838999999999779e-01 1.104338999999999960e+00
2.900397999999999865e-02 1.074265000000000025e+00
1.768432000000000059e-01 1.093035999999999897e+00
1.286647999999999958e-01 1.089070999999999900e+00
1.247827999999999958e-02 1.064368999999999899e+00
2.324477000000000140e-02 1.034053000000000111e+00
1.152708000000000031e-02 1.061860999999999944e+00
1.171286000000000049e+00 1.090851999999999933e+00
1.469331000000000109e-01 1.094030999999999976e+00
8.054710999999999954e-01 1.061723999999999890e+00
1.652536000000000005e-01 1.082996000000000070e+00
2.472754999999999814e+00 1.079002999999999934e+00
5.087768000000000151e-02 1.086829999999999963e+00
3.310101999999999767e-01 1.058372000000000090e+00
1.178175000000000056e-01 1.082519000000000009e+00
1.013149000000000077e+00 1.117364000000000024e+00
2.750503999999999838e+00 1.101226999999999956e+00
2.706417999999999879e-01 1.083456999999999892e+00
1.579882999999999982e-01 1.060677000000000092e+00
3.609505999999999826e-02 1.068961999999999968e+00
2.023608999999999991e+00 1.115669999999999940e+00
8.969407999999999548e-02 1.067641000000000062e+00
3.866912000000000127e-02 1.069306000000000090e+00
3.490349999999999703e-02 1.076265999999999945e+00
2.205960999999999894e-01 1.103788999999999909e+00
3.992308999999999997e-01 1.104818999999999996e+00
2.030573999999999921e-02 1.061193999999999971e+00
1.141843000000000025e-01 1.079744999999999955e+00
3.578437999999999897e-01 1.088926000000000061e+00
1.173831000000000006e-02 1.069488999999999912e+00
2.269981000000000082e-01 1.060359999999999969e+00
4.699674000000000212e-02 1.092505000000000059e+00
2.243322000000000094e-01 1.102068999999999965e+00
1.067277999999999977e-01 1.063374000000000041e+00
2.561955000000000135e-02 1.076969000000000065e+00
3.324247999999999786e-02 1.074340999999999990e+00
1.851716000000000126e-02 1.043665999999999983e+00
7.904194999999999971e-02 1.100082000000000004e+00
1.655115000000000058e-01 1.060472000000000081e+00
6.484046000000000254e-02 1.045237999999999889e+00
6.876590000000000202e-01 1.092046000000000072e+00
2.371325000000000169e-02 1.065612999999999921e+00
1.300569000000000031e-02 1.059900999999999982e+00
4.994368000000000141e-01 1.054996000000000045e+00
2.625117000000000075e-02 1.060175000000000090e+00
6.337104999999999544e-01 1.090251000000000081e+00
1.461141999999999996e-02 1.053112000000000048e+00
1.584583999999999993e+00 1.085339000000000054e+00
1.902287000000000075e-02 1.052008000000000054e+00
1.600012000000000101e-01 1.088097000000000092e+00
1.977125000000000132e-01 1.098602999999999996e+00
5.327199999999999991e-02 1.051684000000000063e+00
4.046443999999999735e-02 1.057955999999999896e+00
1.581722000000000072e+00 1.128254000000000090e+00
7.097868999999999706e-02 1.075077999999999978e+00
1.031335000000000029e-01 1.053212000000000037e+00
2.874849999999999975e-02 1.070615000000000094e+00
6.868680000000000618e-02 1.079498999999999986e+00
2.778624999999999901e+00 1.101585000000000036e+00
2.389794000000000085e-01 1.091922000000000059e+00
2.581719999999999848e-02 1.028650999999999982e+00
2.072264000000000050e-02 1.077963000000000005e+00
1.342991000000000046e-01 1.096449999999999925e+00
4.408538000000000040e-02 1.085269000000000039e+00
1.821638999999999897e-02 1.062753000000000059e+00
2.813169000000000086e-02 1.080654000000000003e+00
1.368860000000000042e-02 1.062551999999999941e+00
1.265367000000000020e-01 1.090899000000000063e+00
2.166203999999999907e-01 1.099649000000000099e+00
2.796087999999999907e-01 1.056845999999999952e+00
1.350184000000000051e+00 1.117663999999999991e+00
1.173532000000000020e+00 1.059557000000000082e+00
2.249951999999999855e-02 1.063453999999999899e+00
2.151793000000000108e-02 1.080481000000000025e+00
4.030538000000000176e-02 1.059693999999999914e+00
2.581628000000000256e-01 1.079131999999999980e+00
4.697493999999999975e-02 1.093922999999999979e+00
8.087520999999999738e-01 1.099533000000000094e+00
2.524881999999999960e-01 1.087601999999999958e+00
7.659424000000000232e-01 1.086821999999999955e+00
1.572223999999999844e-02 1.045844999999999914e+00
3.083832000000000240e-01 1.097731000000000012e+00
1.083025999999999989e-01 1.066659999999999942e+00
9.057863000000000442e-01 1.089645999999999892e+00
2.578621000000000038e-02 1.084708000000000006e+00
2.767763999999999780e-01 1.103542000000000023e+00
5.726540000000000102e-02 1.078028999999999904e+00
3.450615000000000210e-01 1.096039999999999903e+00
3.682486000000000093e-02 1.067258000000000040e+00
2.127365999999999979e-01 1.095415999999999945e+00
2.063407999999999909e-01 1.077469000000000010e+00
1.227755999999999986e-01 1.091682999999999959e+00
1.644444000000000114e-02 1.067998000000000003e+00
1.771572999999999898e-01 1.083269000000000037e+00
1.429515999999999946e-02 1.065442000000000000e+00
1.270437999999999949e-02 1.062448000000000059e+00
1.803366000000000136e-01 1.103445999999999927e+00
9.567259000000000180e-02 1.086573000000000011e+00
6.863962000000000119e-01 1.077293000000000056e+00
2.633090000000000083e-02 1.050605999999999929e+00
4.314914000000000249e-02 1.074875000000000025e+00
2.376453000000000038e-01 1.100166999999999895e+00
1.051323000000000014e-02 1.013376999999999972e+00
5.280457999999999680e-02 1.086354999999999960e+00
3.297959999999999781e-02 1.065671000000000035e+00
2.102593000000000170e-02 1.036078000000000054e+00
4.003368999999999955e-01 1.072951999999999906e+00
4.537647999999999682e-02 1.078367999999999993e+00
1.963457999999999870e-01 1.103272000000000030e+00
4.295045000000000113e-02 1.072913000000000006e+00
9.745528999999999997e-02 1.085118999999999945e+00
4.752143999999999813e-01 1.100000000000000089e+00
2.351938000000000084e-01 1.093857999999999997e+00
1.851963000000000026e+00 1.105150999999999994e+00
1.761023999999999923e+00 1.108254000000000072e+00
3.752619000000000093e-02 1.050454999999999917e+00
2.302281000000000119e-02 1.041835000000000067e+00
1.583367000000000108e-02 1.047589000000000103e+00
7.829473999999999601e-01 1.103790999999999967e+00
3.411812000000000178e-01 1.081798000000000037e+00
1.572870000000000171e-02 1.050478999999999941e+00
9.658471999999999891e-02 1.089806000000000052e+00
2.527953000000000006e-01 1.096302000000000110e+00
8.887850000000000472e-01 1.086575999999999986e+00
1.805719999999999992e+00 1.095178999999999903e+00
4.954980999999999969e-02 1.088349999999999929e+00
1.633325999999999875e-02 1.048718999999999957e+00
2.867752000000000079e-01 1.078923999999999994e+00
1.138431000000000026e-01 1.077388000000000012e+00
3.213138999999999856e-01 1.105626999999999915e+00
1.123701000000000005e-01 1.083906999999999954e+00
4.343348000000000209e-01 1.098085999999999895e+00
1.803135000000000154e-02 1.056708999999999898e+00
2.111847000000000030e-02 1.039012999999999964e+00
1.200968000000000035e-01 1.089760999999999980e+00
5.039418999999999843e-02 1.085194999999999910e+00
2.925103999999999899e-02 1.039587000000000039e+00
7.833603000000000094e-02 1.047882999999999898e+00
1.374884000000000106e-01 1.096462999999999965e+00
9.679300000000000403e-02 1.086122000000000032e+00
2.238583000000000101e-01 1.081644000000000050e+00
1.129321999999999937e+00 1.107580999999999927e+00
2.951293000000000166e+00 1.124597000000000069e+00
5.556244999999999656e-01 1.106849999999999890e+00
3.071664000000000061e-01 1.064159999999999995e+00
3.209917000000000326e-02 1.069665000000000088e+00
6.445661999999999781e-01 1.102953000000000072e+00
2.347919000000000089e+00 1.091488000000000014e+00
3.083852000000000121e-02 1.065692000000000084e+00
1.431108000000000033e-02 1.059147000000000061e+00
8.213361000000000134e-01 1.076071999999999917e+00
1.763394999999999893e-02 1.067036000000000096e+00
1.673731999999999998e-02 1.046561999999999992e+00
9.230216999999999450e-01 1.113674000000000053e+00
1.615998999999999908e-02 1.047654000000000085e+00
3.327427000000000162e-02 1.072562999999999933e+00
2.491593000000000002e-01 1.099180000000000046e+00
1.916280999999999901e+00 1.075139000000000067e+00
7.124753999999999809e-01 1.112219000000000069e+00
1.464410000000000017e-02 1.061736999999999931e+00
1.335945000000000014e-02 1.062945000000000029e+00
1.376841000000000037e-01 1.072928000000000104e+00
1.228935000000000111e+00 1.081561999999999912e+00
9.912317999999999962e-01 1.061037000000000008e+00
2.523096999999999840e-02 1.072030000000000038e+00
3.390284999999999827e-02 1.074319999999999942e+00
1.475432999999999953e-02 1.049565999999999999e+00
2.083427999999999947e-01 1.080162000000000067e+00
9.305079000000000544e-01 1.109928000000000026e+00
3.322761999999999938e-02 1.073322000000000109e+00
3.753241999999999690e-02 1.065744999999999942e+00
6.206619000000000025e-02 1.055117000000000083e+00
4.283254000000000228e-02 1.047698000000000018e+00
7.561417999999999751e-01 1.070419999999999927e+00
3.667513000000000023e-01 1.087914999999999965e+00
1.746637000000000051e-01 1.088222000000000023e+00
2.697052000000000130e-02 1.062370999999999954e+00
6.026920000000000194e-02 1.066437999999999997e+00
2.542534999999999934e-02 1.047525000000000039e+00
2.600664999999999921e-02 1.052179999999999893e+00
1.072071999999999956e-02 1.052415000000000100e+00
1.337133000000000072e-01 1.065994000000000108e+00
1.486596999999999918e-02 1.062526999999999999e+00
1.944475999999999843e-02 1.066017999999999910e+00
1.017517000000000005e-01 1.044472999999999985e+00
1.200320000000000033e-02 1.067223999999999950e+00
1.583198000000000105e-01 1.068955000000000100e+00
1.492722999999999967e-02 1.065428999999999959e+00
1.832446999999999895e-02 1.056546999999999903e+00
1.290026000000000020e-02 1.063201999999999980e+00
1.799634999999999985e-01 1.070678000000000019e+00
2.745465000000000058e-02 1.082694999999999963e+00
3.422224000000000099e-02 1.076381000000000032e+00
5.704245000000000149e-02 1.083480999999999916e+00
1.094340000000000035e-01 1.083898999999999946e+00
3.553449999999999664e-02 1.061439999999999939e+00
9.964695000000000080e-01 1.112233999999999945e+00
1.823595999999999898e-02 1.053215999999999930e+00
1.820984000000000144e-02 1.057021999999999906e+00
6.388249000000000011e-02 1.083020000000000094e+00
4.460473999999999689e-02 1.055844999999999922e+00
1.725078999999999918e-01 1.083201000000000080e+00
1.709982999999999920e-01 1.082842000000000082e+00
3.320970000000000172e-02 1.073749999999999982e+00
2.422584000000000126e-01 1.093032000000000004e+00
4.744863000000000275e-01 1.060886999999999913e+00
3.958177999999999974e-01 1.088295999999999930e+00
5.968554999999999694e-02 1.082759999999999945e+00
3.644224000000000074e-02 1.076195000000000013e+00
4.420022000000000117e-01 1.106764999999999999e+00
7.989570999999999479e-02 1.097749000000000086e+00
2.072134999999999949e-01 1.058956000000000008e+00
2.460321000000000036e-01 1.068184000000000022e+00
9.492641999999999747e-02 1.086672000000000082e+00
1.169508999999999965e-01 1.068295999999999912e+00
1.879839000000000163e-02 1.071630000000000082e+00
2.185083999999999915e-01 1.073134000000000032e+00
1.168994000000000089e+00 1.116945000000000077e+00
7.476498999999999784e-01 1.100552999999999892e+00
3.384290999999999827e-01 1.068311000000000011e+00
3.214906000000000014e-02 1.065339999999999954e+00
1.867717000000000072e+00 1.093186999999999909e+00
7.025890000000000191e-01 1.103615999999999930e+00
2.224670999999999843e+00 1.104977000000000098e+00
4.198762999999999801e-02 1.059913000000000105e+00
1.744541000000000008e-01 1.066192999999999946e+00
2.566782000000000230e-01 1.090364000000000111e+00
4.074114999999999681e-02 1.084066999999999892e+00
2.126843999999999957e-02 1.075118999999999936e+00
3.168942000000000286e-02 1.075172999999999934e+00
4.401344999999999841e-01 1.085550999999999933e+00
1.033458000000000016e-01 1.046303999999999901e+00
3.169432999999999834e-01 1.108675000000000077e+00
3.431736999999999982e-02 1.067750999999999895e+00
1.212971000000000049e-01 1.063615999999999895e+00
4.949801000000000201e-02 1.089485999999999954e+00
2.203613000000000099e-02 1.068132000000000081e+00
6.732886999999999900e-02 1.045090999999999992e+00
7.304241000000000206e-02 1.060862999999999889e+00
4.315704000000000207e-01 1.105131000000000085e+00
7.422083999999999626e-02 1.075515999999999917e+00
2.035932000000000019e-01 1.097129999999999939e+00
3.113199999999999995e-02 1.072940000000000005e+00
4.699703999999999687e-02 1.073812999999999906e+00
1.584187999999999916e-02 1.068394000000000066e+00
7.638485999999999887e-02 1.066237000000000101e+00
1.859024999999999928e+00 1.106287000000000020e+00
2.493258999999999892e-01 1.076724999999999932e+00
1.649596000000000048e-02 1.068281999999999954e+00
2.303061000000000136e-01 1.092325999999999908e+00
3.736822000000000199e-01 1.061069999999999958e+00
1.001570999999999989e-01 1.078157999999999950e+00
1.613370000000000082e-01 1.093236000000000097e+00
4.252520000000000189e-01 1.105420999999999987e+00
3.006825000000000123e-02 1.072165000000000035e+00
2.194374000000000047e-01 1.094681000000000015e+00
2.534122000000000111e-02 1.079009000000000107e+00
4.291558000000000178e-02 1.077693000000000012e+00
4.299567000000000250e-01 1.085094000000000003e+00
4.479260999999999937e-01 1.088580000000000103e+00
3.106632999999999756e-01 1.073644000000000043e+00
9.332751000000000241e-02 1.066049999999999942e+00
4.492539000000000254e-02 1.092816000000000010e+00
2.278726999999999836e-02 1.055676999999999977e+00
1.469076999999999966e+00 1.095388999999999946e+00
2.129561000000000093e-01 1.095374999999999988e+00
3.278714999999999824e-01 1.087919000000000080e+00
9.690161000000000469e-01 1.085439000000000043e+00
3.082462000000000257e-01 1.077142000000000044e+00
1.520617999999999970e-02 1.064272000000000107e+00
1.174187000000000008e-01 1.074397999999999964e+00
8.920920000000000238e-02 1.086414999999999909e+00
3.212729999999999753e-02 1.073549000000000087e+00
6.066371000000000263e-02 1.079228999999999994e+00
2.315465000000000106e+00 1.091784000000000088e+00
1.166273999999999957e-02 1.021090000000000053e+00
3.506556000000000117e-01 1.066543000000000019e+00
5.218893999999999478e-01 1.056715000000000071e+00
3.542757000000000267e-01 1.104508000000000045e+00
2.752299999999999885e-02 1.080702000000000051e+00
2.020500000000000074e-01 1.082109999999999905e+00
5.591755000000000336e-02 1.084549999999999903e+00
1.835917000000000021e+00 1.097070999999999907e+00
3.712910999999999989e-02 1.077034000000000047e+00
1.637606000000000131e-02 1.045830000000000037e+00
2.449577000000000004e-02 1.047568000000000055e+00
7.804214999999999902e-01 1.107337000000000016e+00
5.119885999999999882e-02 1.054961000000000038e+00
2.723903999999999909e-02 1.083890000000000020e+00
1.206416000000000016e-01 1.105763999999999969e+00
8.807893999999999446e-02 1.089520000000000044e+00
6.166623999999999717e-02 1.069873000000000074e+00
4.151658999999999905e-02 1.082659000000000038e+00
7.673465999999999620e-02 1.090754999999999919e+00
4.653668999999999861e-02 1.092556000000000083e+00
1.785826999999999901e-02 1.056837000000000026e+00
1.126076999999999995e+00 1.102508999999999961e+00
2.020658999999999997e-02 1.074920000000000098e+00
3.812424999999999842e-01 1.091399000000000008e+00
2.935068000000000052e-02 1.067622999999999989e+00
8.668168000000000539e-01 1.089803999999999995e+00
2.104449999999999932e-01 1.072583999999999982e+00
1.283104999999999940e-01 1.102486999999999995e+00
3.064320999999999851e-01 1.102009999999999934e+00
1.326145999999999991e-01 1.098365999999999953e+00
6.688083999999999696e-02 1.079792000000000085e+00
8.243106999999999518e-01 1.107264999999999944e+00
1.273244000000000042e-01 1.098934999999999995e+00
2.736082000000000125e+00 1.115804999999999936e+00
7.251988999999999796e-01 1.094100000000000072e+00
3.263989999999999947e-01 1.103471000000000091e+00
8.886284999999999323e-02 1.090985000000000094e+00
3.229212000000000055e-02 1.069129999999999914e+00
5.772175000000000500e-01 1.089574000000000042e+00
2.412964000000000081e-02 1.065406000000000075e+00
2.729664999999999869e-02 1.058454000000000006e+00
1.154239999999999933e+00 1.110370999999999997e+00
1.410186999999999968e-01 1.066365000000000007e+00
1.341140999999999917e+00 1.100066999999999906e+00
3.550659999999999927e-02 1.073617000000000044e+00
5.709064000000000361e-01 1.105161000000000060e+00
1.390206000000000081e-02 1.062866000000000088e+00
2.577449999999999880e-02 1.068410000000000082e+00
1.448580999999999896e-01 1.094713999999999965e+00
2.987214999999999732e-01 1.084583999999999993e+00
3.653747999999999996e-01 1.081455999999999973e+00
1.336551000000000045e+00 1.080252999999999908e+00
4.382902999999999799e-02 1.056176000000000004e+00
4.304996999999999990e-02 1.069825999999999944e+00
3.552277999999999825e-01 1.057839999999999892e+00
8.704444000000000070e-01 1.098058999999999896e+00
6.856753999999999627e-02 1.076570999999999945e+00
1.038224999999999981e-01 1.079301999999999984e+00
6.701129999999999587e-02 1.077855000000000008e+00
2.111197999999999894e-02 1.065816000000000097e+00
2.335216999999999987e-01 1.093496000000000024e+00
2.364474000000000020e-01 1.103672999999999904e+00
2.344709000000000099e-01 1.053244000000000069e+00
6.606532000000000515e-01 1.096937999999999969e+00
1.459960999999999898e-01 1.091155000000000097e+00
2.362505000000000160e-02 1.042613999999999930e+00
2.185469999999999913e-01 1.099514000000000102e+00
5.286903999999999909e-02 1.052654999999999896e+00
1.381534000000000095e-01 1.093061000000000060e+00
9.356986000000000470e-02 1.088856000000000046e+00
1.468408999999999964e-01 1.091687999999999992e+00
4.684146000000000143e-01 1.086494000000000071e+00
6.992675000000000418e-01 1.069935999999999998e+00
6.695444999999999869e-02 1.078578000000000037e+00
3.207535999999999721e-02 1.074980000000000047e+00
1.889611999999999889e-02 1.058953000000000033e+00
1.271919999999999940e+00 1.118689000000000044e+00
1.893072000000000088e+00 1.086292999999999953e+00
1.493564999999999997e-02 1.051927999999999974e+00
1.471718999999999979e-02 1.065040999999999904e+00
1.312272999999999912e-01 1.055655000000000010e+00
1.793056999999999984e-02 1.056262000000000034e+00
1.749564000000000119e-01 1.083749999999999991e+00
4.258800000000000086e-02 1.085865999999999998e+00
3.388209999999999833e-02 1.071193000000000062e+00
1.382742999999999889e-01 1.076475000000000071e+00
1.267919999999999985e-02 1.055506999999999973e+00
4.224363999999999897e-01 1.102549000000000001e+00
1.402482999999999924e-01 1.101105999999999918e+00
2.533956999999999876e-02 1.070427000000000017e+00
8.539141999999999566e-01 1.119183999999999957e+00
1.270415000000000072e+00 1.089544999999999986e+00
1.661454000000000056e-02 1.043457999999999997e+00
6.070113000000000314e-01 1.084130000000000038e+00
1.428018000000000010e+00 1.113113000000000019e+00
2.115190999999999877e-01 1.103359999999999896e+00
1.077628999999999948e-01 1.084643000000000024e+00
2.140215000000000173e-02 1.051770000000000094e+00
3.130287999999999959e-01 1.098023999999999889e+00
6.749136999999999498e-02 1.073722000000000065e+00
3.488740000000000174e-01 1.096535000000000037e+00
5.246292999999999790e-02 1.078310000000000102e+00
2.463405000000000108e-02 1.050691999999999959e+00
2.372435000000000169e-02 1.082408999999999955e+00
1.722863999999999993e-02 1.059082999999999997e+00
7.518062000000000356e-02 1.072546999999999917e+00
1.162652999999999937e+00 1.110311000000000048e+00
2.609068999999999972e-01 1.115401000000000087e+00
4.278467999999999855e-02 1.052087999999999912e+00
1.880302999999999836e-02 1.060410000000000075e+00
3.105511999999999856e-02 1.068494000000000055e+00
2.458342000000000027e+00 1.100633999999999890e+00
3.107582000000000053e-02 1.075941000000000036e+00
6.607315999999999745e-01 1.106975000000000042e+00
4.184943999999999886e-01 1.070572999999999997e+00
1.875697999999999949e-02 1.042531000000000097e+00
2.289176999999999879e-02 1.075420000000000043e+00
3.083716000000000235e-01 1.102672000000000097e+00
1.808662000000000047e-01 1.086740000000000039e+00
1.333365999999999996e-01 1.091865000000000085e+00
1.563817000000000013e+00 1.096724000000000032e+00
1.280785999999999869e-01 1.071420000000000039e+00
1.597660999999999998e+00 1.101930999999999994e+00
3.350103999999999860e-01 1.084203000000000028e+00
1.425346000000000078e-02 1.068710999999999967e+00
2.054751000000000147e-02 1.048958000000000057e+00
3.931935999999999765e-01 1.117037999999999975e+00
3.220179000000000097e-02 1.069968000000000030e+00
4.264475999999999822e-01 1.100757999999999903e+00
2.450526000000000093e-01 1.092222000000000026e+00
2.905856000000000064e-02 1.068227000000000038e+00
1.467341000000000062e-01 1.096494000000000080e+00
4.323534999999999878e-02 1.058616999999999919e+00
8.223854000000000442e-01 1.089712000000000014e+00
2.821960999999999914e-02 1.081007999999999969e+00
6.192531999999999898e-02 1.063441999999999998e+00
3.660979000000000316e-02 1.079180000000000028e+00
3.557168000000000135e-02 1.059798999999999936e+00
7.906279999999999974e-01 1.113758999999999943e+00
3.915306000000000342e-02 1.065013999999999905e+00
5.693599999999999772e-01 1.078894000000000020e+00
2.256965999999999833e-02 1.063868999999999954e+00
5.780558999999999698e-02 1.070991999999999944e+00
2.107074999999999920e-01 1.072194000000000091e+00
7.435530999999999668e-01 1.111474000000000073e+00
9.466793999999999487e-01 1.106387000000000009e+00
2.159120999999999957e-02 1.061021999999999910e+00
1.313877999999999921e-02 1.066268999999999911e+00
6.261026999999999565e-02 1.077946000000000071e+00
2.735431999999999864e-01 1.094119999999999981e+00
5.436165999999999915e-02 1.079970000000000097e+00
7.751846000000000014e-01 1.108077999999999896e+00
3.112383000000000163e-02 1.075293000000000054e+00
2.911525999999999836e+00 1.113928000000000029e+00
1.294437000000000018e-02 1.064464999999999995e+00
6.119477000000000250e-02 1.078127999999999975e+00
2.816493000000000121e-02 1.079061999999999966e+00
1.127035999999999927e+00 1.090405999999999986e+00
3.683104000000000239e-02 1.070572000000000079e+00
2.136286000000000018e-01 1.101901999999999937e+00
5.380789999999999879e-02 1.086016000000000092e+00
2.044064999999999910e-01 1.060662999999999911e+00
4.027676000000000034e-01 1.087744000000000044e+00
1.397369000000000042e-02 1.057409000000000043e+00
2.665533999999999959e-01 1.042910999999999921e+00
2.711865999999999999e-01 1.108432000000000084e+00
4.127948000000000173e-01 1.098910000000000053e+00
7.594265000000000043e-02 1.054178999999999977e+00
9.165910000000000446e-01 1.104557999999999929e+00
1.958798999999999957e-02 1.063954000000000066e+00
7.767311999999999550e-01 1.101858000000000004e+00
6.606146999999999714e-02 1.074292999999999942e+00
6.407864000000000615e-02 1.062405000000000044e+00
1.448345000000000049e-01 1.092074999999999907e+00
2.924780999999999909e-02 1.077641000000000071e+00
3.109757999999999967e-02 1.070052999999999921e+00
7.653224000000000138e-02 1.100751999999999953e+00
5.907306999999999836e-02 1.067066000000000070e+00
6.640464000000000366e-01 1.110875000000000057e+00
6.374622000000000621e-02 1.076359000000000066e+00
1.718251000000000153e-02 1.059755999999999920e+00
4.601902000000000076e-02 1.058891000000000027e+00
1.621534000000000031e+00 1.108543000000000056e+00
1.696541000000000077e+00 1.106465999999999950e+00
8.072141999999999928e-01 1.080837999999999965e+00
2.039987000000000050e-02 1.065433999999999992e+00
4.018704000000000165e-01 1.103005999999999931e+00
2.905856999999999885e-02 1.080991000000000035e+00
1.832245000000000124e-01 1.107796000000000003e+00
3.437616000000000283e-02 1.070916999999999897e+00
6.561158000000000268e-02 1.074689999999999923e+00
3.871921999999999864e-02 1.063900999999999986e+00
3.019528000000000212e-01 1.081145999999999940e+00
2.159561000000000119e-02 1.071369000000000016e+00
1.403889000000000109e-01 1.093345999999999929e+00
3.302327000000000040e-02 1.054821000000000009e+00
2.534385999999999931e-02 1.047282000000000046e+00
3.234150000000000219e-02 1.077760999999999969e+00
1.534494000000000136e-01 1.092325999999999908e+00
4.849249999999999949e-01 1.081978000000000106e+00
3.380447999999999786e-02 1.068148000000000097e+00
5.677202999999999555e-01 1.121107000000000076e+00
7.109206999999999332e-02 1.091763000000000039e+00
8.816950000000000065e-01 1.107560000000000100e+00
2.784017000000000089e-02 1.079287000000000107e+00
5.126817999999999653e-02 1.090602000000000071e+00
6.505041000000000295e-01 1.092294000000000098e+00
1.850344999999999906e-01 1.089185000000000070e+00
6.320336000000000010e-02 1.075390999999999986e+00
5.999316999999999844e-02 1.084011999999999976e+00
2.992039000000000226e-01 1.061655000000000015e+00
1.916508000000000100e-02 1.068297999999999970e+00
1.593738000000000099e+00 1.108052000000000037e+00
2.669789000000000190e-01 1.095769999999999911e+00
1.285372000000000077e-02 1.063658999999999910e+00
1.990598000000000090e-01 1.034307000000000087e+00
1.732010000000000147e-02 1.053352000000000066e+00
5.837109000000000325e-01 1.118576000000000015e+00
1.457278999999999991e+00 1.098589999999999955e+00
1.487162000000000033e-02 1.056116000000000055e+00
5.797536999999999829e-02 1.049679999999999946e+00
1.630306999999999937e-02 1.058861999999999970e+00
1.432214000000000056e-02 1.053558999999999912e+00
7.726176000000000155e-01 1.107836999999999961e+00
1.010269000000000028e-01 1.054978999999999889e+00
1.579070999999999891e+00 1.101272999999999946e+00
1.710453000000000112e-01 1.106354999999999977e+00
2.301630000000000065e-01 1.065654000000000101e+00
2.031758999999999996e-02 1.068537000000000070e+00
2.019069000000000003e-01 1.104621000000000075e+00
