R_VIR = 0.689973
FB = 0.156000
STELLAR_FRACTION = 0.010000
DARK_MATTER_SCALE_RADIUS = 0.172493
STELLAR_SCALE_LENGTH = 0.002858
DARK_MATTER_TOTAL_MASS = 844.000000
STELLAR_TOTAL_MASS = 1.560000
DARK_MATTER_DENSITY_0 = 16167.089408
GAS_DENSITY = 52879035.263645
GAS_POWER = -2.200000
time	z	x	y	z	vx	vy	vz	mass	lyapunov
0.000000e+00	5.773503e-04	5.773503e-04	5.773503e-04	7.000000e+01	0.000000e+00	0.000000e+00	1.000000e+00	0.000000e+00
1.100000e-05	1.337280e-03	5.727270e-04	5.725200e-04	6.818361e+01	-7.759359e-01	-8.099828e-01	1.000225e+00	-nan
2.700000e-05	2.409926e-03	5.551140e-04	5.541648e-04	6.600827e+01	-1.348278e+00	-1.403478e+00	1.000552e+00	-nan
3.900000e-05	3.194259e-03	5.375104e-04	5.358533e-04	6.475852e+01	-1.567375e+00	-1.629470e+00	1.000798e+00	-nan
4.900000e-05	3.837404e-03	5.212097e-04	5.189135e-04	6.389246e+01	-1.685762e+00	-1.751216e+00	1.001003e+00	-nan
5.900000e-05	4.472506e-03	5.039084e-04	5.009461e-04	6.314534e+01	-1.770078e+00	-1.837721e+00	1.001186e+00	-nan
6.900000e-05	5.100618e-03	4.858809e-04	4.822343e-04	6.249050e+01	-1.832501e+00	-1.901618e+00	1.001325e+00	-nan
7.900000e-05	5.722558e-03	4.673080e-04	4.629648e-04	6.190814e+01	-1.880035e+00	-1.950168e+00	1.001435e+00	-nan
8.900000e-05	6.338974e-03	4.483152e-04	4.432669e-04	6.138360e+01	-1.917071e+00	-1.987908e+00	1.001524e+00	-nan
9.900000e-05	6.950387e-03	4.289921e-04	4.232329e-04	6.090595e+01	-1.946469e+00	-2.017793e+00	1.001598e+00	-nan
1.090000e-04	7.557223e-03	4.094049e-04	4.029307e-04	6.046723e+01	-1.970138e+00	-2.041794e+00	1.001660e+00	-nan
1.190000e-04	8.159841e-03	3.896040e-04	3.824121e-04	6.006136e+01	-1.989413e+00	-2.061283e+00	1.001713e+00	-nan
1.290000e-04	8.758544e-03	3.696281e-04	3.617168e-04	5.968334e+01	-2.005259e+00	-2.077257e+00	1.001759e+00	-nan
1.390000e-04	9.353588e-03	3.495079e-04	3.408762e-04	5.932912e+01	-2.018387e+00	-2.090447e+00	1.001799e+00	-nan
1.490000e-04	9.945196e-03	3.292677e-04	3.199154e-04	5.899573e+01	-2.029319e+00	-2.101387e+00	1.001835e+00	-nan
1.590000e-04	1.053356e-02	3.089275e-04	2.988546e-04	5.868049e+01	-2.038461e+00	-2.110497e+00	1.001866e+00	-nan
1.690000e-04	1.111886e-02	2.885035e-04	2.777105e-04	5.838140e+01	-2.046120e+00	-2.118091e+00	1.001895e+00	-nan
1.790000e-04	1.170124e-02	2.680092e-04	2.564970e-04	5.809660e+01	-2.052545e+00	-2.124425e+00	1.001920e+00	-nan
1.890000e-04	1.228083e-02	2.474561e-04	2.352256e-04	5.782458e+01	-2.057931e+00	-2.129698e+00	1.001944e+00	-nan
1.990000e-04	1.285777e-02	2.268536e-04	2.139060e-04	5.756403e+01	-2.062436e+00	-2.134073e+00	1.001965e+00	-nan
2.090000e-04	1.343215e-02	2.062099e-04	1.925467e-04	5.731379e+01	-2.066188e+00	-2.137681e+00	1.001985e+00	-nan
2.190000e-04	1.400408e-02	1.855320e-04	1.711546e-04	5.707299e+01	-2.069293e+00	-2.140629e+00	1.002002e+00	-nan
2.290000e-04	1.457364e-02	1.648259e-04	1.497360e-04	5.684081e+01	-2.071836e+00	-2.143005e+00	1.002019e+00	-nan
2.390000e-04	1.514092e-02	1.440969e-04	1.282962e-04	5.661646e+01	-2.073890e+00	-2.144885e+00	1.002034e+00	-nan
2.490000e-04	1.570599e-02	1.233495e-04	1.068398e-04	5.639936e+01	-2.075518e+00	-2.146331e+00	1.002049e+00	-nan
2.590000e-04	1.626893e-02	1.025878e-04	8.537084e-05	5.618897e+01	-2.076769e+00	-2.147395e+00	1.002062e+00	-nan
2.690000e-04	1.682979e-02	8.181525e-05	6.389299e-05	5.598476e+01	-2.077689e+00	-2.148122e+00	1.002075e+00	-nan
2.790000e-04	1.738864e-02	6.103500e-05	4.240939e-05	5.578627e+01	-2.078314e+00	-2.148552e+00	1.002086e+00	-nan
2.890000e-04	1.794554e-02	4.024983e-05	2.092284e-05	5.559311e+01	-2.078679e+00	-2.148717e+00	1.002097e+00	-nan
2.990000e-04	1.850052e-02	1.946221e-05	-5.641599e-07	5.540492e+01	-2.078810e+00	-2.148646e+00	1.002108e+00	-nan
3.090000e-04	1.905365e-02	-1.325669e-06	-2.204937e-05	5.522138e+01	-2.078732e+00	-2.148363e+00	1.002117e+00	-nan
3.190000e-04	1.960496e-02	-2.211181e-05	-4.353079e-05	5.504216e+01	-2.078467e+00	-2.147891e+00	1.002127e+00	-nan
3.290000e-04	2.015451e-02	-4.289444e-05	-6.500663e-05	5.486701e+01	-2.078033e+00	-2.147249e+00	1.002136e+00	-nan
3.390000e-04	2.070232e-02	-6.367195e-05	-8.647525e-05	5.469573e+01	-2.077446e+00	-2.146452e+00	1.002144e+00	-nan
3.490000e-04	2.124843e-02	-8.444289e-05	-1.079352e-04	5.452808e+01	-2.076721e+00	-2.145517e+00	1.002152e+00	-nan
3.590000e-04	2.179289e-02	-1.052059e-04	-1.293852e-04	5.436386e+01	-2.075871e+00	-2.144456e+00	1.002159e+00	-nan
3.690000e-04	2.233572e-02	-1.259599e-04	-1.508239e-04	5.420287e+01	-2.074907e+00	-2.143280e+00	1.002167e+00	-nan
3.790000e-04	2.287696e-02	-1.467037e-04	-1.722504e-04	5.404495e+01	-2.073839e+00	-2.142000e+00	1.002173e+00	-nan
3.890000e-04	2.341663e-02	-1.674364e-04	-1.936636e-04	5.388993e+01	-2.072678e+00	-2.140625e+00	1.002180e+00	-nan
